1652997835.386995,s2-eth1,0.00,0.00,0.00,0,0,0.00,0.00,0.00,0,0,0.00,0.00,0,0
1652997835.387048,s3-eth2,0.00,0.00,0.00,0,0,0.00,0.00,0.00,0,0,0.00,0.00,0,0
1652997835.387101,s2-eth2,0.00,0.00,0.00,0,0,0.00,0.00,0.00,0,0,0.00,0.00,0,0
1652997835.387164,s1-eth1,0.00,0.00,0.00,0,0,0.00,0.00,0.00,0,0,0.00,0.00,0,0
1652997835.387202,lo,0.00,0.00,0.00,0,0,0.00,0.00,0.00,0,0,0.00,0.00,0,0
1652997835.387240,s1-eth2,0.00,0.00,0.00,0,0,0.00,0.00,0.00,0,0,0.00,0.00,0,0
1652997835.387276,eth0,0.00,0.00,0.00,0,0,0.00,0.00,0.00,0,0,0.00,0.00,0,0
1652997835.387297,s3-eth1,0.00,0.00,0.00,0,0,0.00,0.00,0.00,0,0,0.00,0.00,0,0
1652997835.387318,total,0.00,0.00,0.00,0,0,0.00,0.00,0.00,0,0,0.00,0.00,0,0
1652997836.387581,s2-eth1,5726316.00,44820.00,5771136.00,44820,5726316,741.00,672.00,1413.00,672,741,0.00,0.00,0,0
1652997836.387612,s3-eth2,46441.00,5758030.00,5804471.00,5758030,46441,676.00,757.00,1433.00,757,676,0.00,0.00,0,0
1652997836.387648,s2-eth2,45353.00,5734747.00,5780100.00,5734747,45353,671.00,746.00,1417.00,746,671,0.00,0.00,0,0
1652997836.387713,s1-eth1,5721525.00,44676.00,5766201.00,44676,5721525,732.00,676.00,1408.00,676,732,0.00,0.00,0,0
1652997836.387734,lo,20728.00,20728.00,41456.00,20728,20728,120.00,120.00,240.00,120,120,0.00,0.00,0,0
1652997836.387754,s1-eth2,44820.00,5726316.00,5771136.00,5726316,44820,672.00,741.00,1413.00,741,672,0.00,0.00,0,0
1652997836.387775,eth0,0.00,0.00,0.00,0,0,0.00,0.00,0.00,0,0,0.00,0.00,0,0
1652997836.387795,s3-eth1,5734747.00,45353.00,5780100.00,45353,5734747,746.00,671.00,1417.00,671,746,0.00,0.00,0,0
1652997836.387814,total,17339930.00,17374670.00,34714600.00,17374670,17339930,4358.00,4383.00,8741.00,4383,4358,0.00,0.00,0,0
1652997837.388308,s2-eth1,5769628.00,67095.00,5836723.00,67095,5769628,1083.00,1014.00,2097.00,1014,1083,0.00,0.00,0,0
1652997837.388340,s3-eth2,67689.00,5795092.00,5862781.00,5795092,67689,1017.00,1078.00,2095.00,1078,1017,0.00,0.00,0,0
1652997837.388377,s2-eth2,67374.00,5786803.00,5854177.00,5786803,67374,1016.00,1082.00,2098.00,1082,1016,0.00,0.00,0,0
1652997837.388539,s1-eth1,5774617.00,66630.00,5841247.00,66630,5774617,1089.00,1009.00,2098.00,1009,1089,0.00,0.00,0,0
1652997837.388562,lo,3600.00,3600.00,7200.00,3600,3600,18.00,18.00,36.00,18,18,0.00,0.00,0,0
1652997837.388583,s1-eth2,67095.00,5769628.00,5836723.00,5769628,67095,1014.00,1083.00,2097.00,1083,1014,0.00,0.00,0,0
1652997837.388604,eth0,0.00,0.00,0.00,0,0,0.00,0.00,0.00,0,0,0.00,0.00,0,0
1652997837.388623,s3-eth1,5786803.00,67440.00,5854243.00,67440,5786803,1082.00,1017.00,2099.00,1017,1082,0.00,0.00,0,0
1652997837.388642,total,17536806.00,17556288.00,35093096.00,17556288,17536806,6319.00,6301.00,12620.00,6301,6319,0.00,0.00,0,0
1652997838.389236,s2-eth1,5918466.00,64884.00,5983350.00,64884,5918466,1079.00,981.00,2060.00,981,1079,0.00,0.00,0,0
1652997838.389265,s3-eth2,65064.00,5912248.00,5977312.00,5912248,65064,982.00,1076.00,2058.00,1076,982,0.00,0.00,0,0
1652997838.389334,s2-eth2,65064.00,5906570.00,5971634.00,5906570,65064,982.00,1076.00,2058.00,1076,982,0.00,0.00,0,0
1652997838.389405,s1-eth1,5918646.00,64704.00,5983350.00,64704,5918646,1080.00,980.00,2060.00,980,1080,0.00,0.00,0,0
1652997838.389425,lo,3348.00,3348.00,6696.00,3348,3348,18.00,18.00,36.00,18,18,0.00,0.00,0,0
1652997838.389445,s1-eth2,64884.00,5918466.00,5983350.00,5918466,64884,981.00,1079.00,2060.00,1079,981,0.00,0.00,0,0
1652997838.389464,eth0,0.00,0.00,0.00,0,0,0.00,0.00,0.00,0,0,0.00,0.00,0,0
1652997838.389501,s3-eth1,5906570.00,65064.00,5971634.00,65064,5906570,1076.00,982.00,2058.00,982,1076,0.00,0.00,0,0
1652997838.389520,total,17942042.00,17935284.00,35877328.00,17935284,17942042,6198.00,6192.00,12390.00,6192,6198,0.00,0.00,0,0
1652997839.389976,s2-eth1,5936222.00,63449.00,5999671.00,63449,5936222,1084.00,959.00,2043.00,959,1084,0.00,0.00,0,0
1652997839.390009,s3-eth2,64032.00,5922450.00,5986482.00,5922450,64032,964.00,1077.00,2041.00,1077,964,0.00,0.00,0,0
1652997839.390046,s2-eth2,63852.00,5935951.00,5999803.00,5935951,63852,963.00,1082.00,2045.00,1082,963,0.00,0.00,0,0
1652997839.390126,s1-eth1,5923193.00,63112.00,5986305.00,63112,5923193,1082.00,956.00,2038.00,956,1082,0.00,0.00,0,0
1652997839.390224,lo,6642.00,6642.00,13284.00,6642,6642,45.00,45.00,90.00,45,45,0.00,0.00,0,0
1652997839.390246,s1-eth2,63449.00,5936222.00,5999671.00,5936222,63449,959.00,1084.00,2043.00,1084,959,0.00,0.00,0,0
1652997839.390267,eth0,0.00,0.00,0.00,0,0,0.00,0.00,0.00,0,0,0.00,0.00,0,0
1652997839.390287,s3-eth1,5935951.00,63786.00,5999737.00,63786,5935951,1082.00,962.00,2044.00,962,1082,0.00,0.00,0,0
1652997839.390306,total,17993340.00,17991612.00,35984952.00,17991612,17993341,6179.00,6165.00,12344.00,6165,6179,0.00,0.00,0,0
1652997840.391040,s2-eth1,5879924.00,67252.75,5947177.00,67320,5885804,1134.87,1018.98,2153.85,1020,1136,0.00,0.00,0,0
1652997840.391074,s3-eth2,67259.74,5869732.50,5936992.00,5875602,67327,1016.98,1133.87,2150.85,1135,1018,0.00,0.00,0,0
1652997840.391110,s2-eth2,67120.88,5872625.50,5939746.50,5878498,67188,1016.98,1133.87,2150.85,1135,1018,0.00,0.00,0,0
1652997840.391174,s1-eth1,5893211.00,67384.62,5960595.50,67452,5899104,1138.86,1020.98,2159.84,1022,1140,0.00,0.00,0,0
1652997840.391195,lo,1012.99,1012.99,2025.97,1014,1014,8.99,8.99,17.98,9,9,0.00,0.00,0,0
1652997840.391215,s1-eth2,67320.00,5885804.00,5953124.00,5885804,67320,1020.00,1136.00,2156.00,1136,1020,0.00,0.00,0,0
1652997840.391236,eth0,0.00,0.00,0.00,0,0,0.00,0.00,0.00,0,0,0.00,0.00,0,0
1652997840.391255,s3-eth1,5878498.00,67188.00,5945686.00,67188,5878498,1135.00,1018.00,2153.00,1018,1135,0.00,0.00,0,0
1652997840.391274,total,17866256.00,17842878.00,35709132.00,17842878,17866255,6476.00,6475.00,12951.00,6475,6476,0.00,0.00,0,0
1652997841.391605,s2-eth1,5929822.00,65670.00,5995492.00,65670,5929822,1079.00,995.00,2074.00,995,1079,0.00,0.00,0,0
1652997841.391665,s3-eth2,65868.00,5941538.00,6007406.00,5941538,65868,998.00,1081.00,2079.00,1081,998,0.00,0.00,0,0
1652997841.391708,s2-eth2,65670.00,5931270.00,5996940.00,5931270,65670,995.00,1079.00,2074.00,1079,995,0.00,0.00,0,0
1652997841.391771,s1-eth1,5935680.00,65604.00,6001284.00,65604,5935680,1080.00,994.00,2074.00,994,1080,0.00,0.00,0,0
1652997841.391792,lo,0.00,0.00,0.00,0,0,0.00,0.00,0.00,0,0,0.00,0.00,0,0
1652997841.391812,s1-eth2,65670.00,5929822.00,5995492.00,5929822,65670,995.00,1079.00,2074.00,1079,995,0.00,0.00,0,0
1652997841.391833,eth0,0.00,0.00,0.00,0,0,0.00,0.00,0.00,0,0,0.00,0.00,0,0
1652997841.391852,s3-eth1,5931270.00,65670.00,5996940.00,65670,5931270,1079.00,995.00,2074.00,995,1079,0.00,0.00,0,0
1652997841.391872,total,17993980.00,17999574.00,35993552.00,17999574,17993980,6226.00,6223.00,12449.00,6223,6226,0.00,0.00,0,0
1652997842.392358,s2-eth1,5864230.00,62232.00,5926462.00,62232,5864230,1069.00,941.00,2010.00,941,1069,0.00,0.00,0,0
1652997842.392416,s3-eth2,62478.00,5887302.00,5949780.00,5887302,62478,943.00,1071.00,2014.00,1071,943,0.00,0.00,0,0
1652997842.392452,s2-eth2,62544.00,5864050.00,5926594.00,5864050,62544,944.00,1068.00,2012.00,1068,944,0.00,0.00,0,0
1652997842.392630,s1-eth1,5864410.00,62052.00,5926462.00,62052,5864410,1070.00,940.00,2010.00,940,1070,0.00,0.00,0,0
1652997842.392877,lo,3344.66,3344.66,6689.31,3348,3348,17.98,17.98,35.96,18,18,0.00,0.00,0,0
1652997842.392899,s1-eth2,62169.83,5864224.00,5926394.00,5870088,62232,940.06,1068.93,2008.99,1070,941,0.00,0.00,0,0
1652997842.392920,eth0,0.00,0.00,0.00,0,0,0.00,0.00,0.00,0,0,0.00,0.00,0,0
1652997842.392940,s3-eth1,5864044.00,62481.52,5926525.50,62544,5869908,1067.93,943.06,2010.99,944,1069,0.00,0.00,0,0
1652997842.392965,total,17771380.00,17793822.00,35565204.00,17811616,17789150,6047.95,6045.95,12093.91,6052,6054,0.00,0.00,0,0
1652997843.393351,s2-eth1,5959112.00,65076.00,6024188.00,65076,5959112,1084.00,986.00,2070.00,986,1084,0.00,0.00,0,0
1652997843.393395,s3-eth2,65124.00,5970828.00,6035952.00,5970828,65124,985.00,1086.00,2071.00,1086,985,0.00,0.00,0,0
1652997843.393431,s2-eth2,65010.00,5970828.00,6035838.00,5970828,65010,985.00,1086.00,2071.00,1086,985,0.00,0.00,0,0
1652997843.393494,s1-eth1,5959112.00,65142.00,6024254.00,65142,5959112,1084.00,987.00,2071.00,987,1084,0.00,0.00,0,0
1652997843.393515,lo,0.00,0.00,0.00,0,0,0.00,0.00,0.00,0,0,0.00,0.00,0,0
1652997843.393543,s1-eth2,65076.00,5953254.00,6018330.00,5953254,65076,986.00,1083.00,2069.00,1083,986,0.00,0.00,0,0
1652997843.393564,eth0,0.00,0.00,0.00,0,0,0.00,0.00,0.00,0,0,0.00,0.00,0,0
1652997843.393584,s3-eth1,5964970.00,65010.00,6029980.00,65010,5964970,1085.00,985.00,2070.00,985,1085,0.00,0.00,0,0
1652997843.393603,total,18078404.00,18090138.00,36168544.00,18090138,18078404,6209.00,6213.00,12422.00,6213,6209,0.00,0.00,0,0
1652997844.394032,s2-eth1,5959112.00,64878.00,6023990.00,64878,5959112,1084.00,983.00,2067.00,983,1084,0.00,0.00,0,0
1652997844.394098,s3-eth2,64944.00,5966484.00,6031428.00,5966484,64944,984.00,1086.00,2070.00,1086,984,0.00,0.00,0,0
1652997844.394197,s2-eth2,64878.00,5953254.00,6018132.00,5953254,64878,983.00,1083.00,2066.00,1083,983,0.00,0.00,0,0
1652997844.394255,s1-eth1,5959112.00,64812.00,6023924.00,64812,5959112,1084.00,982.00,2066.00,982,1084,0.00,0.00,0,0
1652997844.394277,lo,0.00,0.00,0.00,0,0,0.00,0.00,0.00,0,0,0.00,0.00,0,0
1652997844.394309,s1-eth2,64878.00,5959112.00,6023990.00,5959112,64878,983.00,1084.00,2067.00,1084,983,0.00,0.00,0,0
1652997844.394337,eth0,0.00,474.00,474.00,474,0,0.00,1.00,1.00,1,0,0.00,0.00,0,0
1652997844.394387,s3-eth1,5953254.00,64878.00,6018132.00,64878,5953254,1083.00,983.00,2066.00,983,1083,0.00,0.00,0,0
1652997844.394406,total,18066178.00,18073892.00,36140072.00,18073892,18066178,6201.00,6202.00,12403.00,6202,6201,0.00,0.00,0,0
1652997845.394762,s2-eth1,5972342.00,65100.00,6037442.00,65100,5972342,1087.00,986.00,2073.00,986,1087,0.00,0.00,0,0
1652997845.394956,s3-eth2,65100.00,5995774.00,6060874.00,5995774,65100,986.00,1091.00,2077.00,1091,986,0.00,0.00,0,0
1652997845.395061,s2-eth2,65100.00,5966484.00,6031584.00,5966484,65100,986.00,1086.00,2072.00,1086,986,0.00,0.00,0,0
1652997845.395158,s1-eth1,5972342.00,65100.00,6037442.00,65100,5972342,1087.00,986.00,2073.00,986,1087,0.00,0.00,0,0
1652997845.395179,lo,0.00,0.00,0.00,0,0,0.00,0.00,0.00,0,0,0.00,0.00,0,0
1652997845.395198,s1-eth2,65100.00,5978200.00,6043300.00,5978200,65100,986.00,1088.00,2074.00,1088,986,0.00,0.00,0,0
1652997845.395219,eth0,0.00,0.00,0.00,0,0,0.00,0.00,0.00,0,0,0.00,0.00,0,0
1652997845.395238,s3-eth1,5972342.00,65100.00,6037442.00,65100,5972342,1087.00,986.00,2073.00,986,1087,0.00,0.00,0,0
1652997845.395258,total,18112326.00,18135758.00,36248084.00,18135758,18112326,6219.00,6223.00,12442.00,6223,6219,0.00,0.00,0,0
1652997846.395643,s2-eth1,5995840.00,65410.00,6061250.00,65410,5995840,1092.00,991.00,2083.00,991,1092,0.00,0.00,0,0
1652997846.395730,s3-eth2,65344.00,5976752.00,6042096.00,5976752,65344,990.00,1088.00,2078.00,1088,990,0.00,0.00,0,0
1652997846.395765,s2-eth2,65410.00,6001698.00,6067108.00,6001698,65410,991.00,1093.00,2084.00,1093,991,0.00,0.00,0,0
1652997846.395865,s1-eth1,5989982.00,65340.00,6055322.00,65340,5989982,1091.00,990.00,2081.00,990,1091,0.00,0.00,0,0
1652997846.395886,lo,676.00,676.00,1352.00,676,676,6.00,6.00,12.00,6,6,0.00,0.00,0,0
1652997846.395919,s1-eth2,65410.00,5995840.00,6061250.00,5995840,65410,991.00,1092.00,2083.00,1092,991,0.00,0.00,0,0
1652997846.395967,eth0,0.00,0.00,0.00,0,0,0.00,0.00,0.00,0,0,0.00,0.00,0,0
1652997846.395986,s3-eth1,6001698.00,65410.00,6067108.00,65410,6001698,1093.00,991.00,2084.00,991,1093,0.00,0.00,0,0
1652997846.396003,total,18184360.00,18171126.00,36355488.00,18171126,18184360,6254.00,6251.00,12505.00,6251,6254,0.00,0.00,0,0
1652997847.396370,s2-eth1,5918176.00,64222.00,5982398.00,64222,5918176,1078.00,973.00,2051.00,973,1078,0.00,0.00,0,0
1652997847.396433,s3-eth2,64358.00,5912248.00,5976606.00,5912248,64358,975.00,1076.00,2051.00,1076,975,0.00,0.00,0,0
1652997847.396473,s2-eth2,64292.00,5941608.00,6005900.00,5941608,64292,974.00,1082.00,2056.00,1082,974,0.00,0.00,0,0
1652997847.396538,s1-eth1,5924034.00,64288.00,5988322.00,64288,5924034,1079.00,974.00,2053.00,974,1079,0.00,0.00,0,0
1652997847.396561,lo,2028.00,2028.00,4056.00,2028,2028,18.00,18.00,36.00,18,18,0.00,0.00,0,0
1652997847.396583,s1-eth2,64222.00,5918176.00,5982398.00,5918176,64222,973.00,1078.00,2051.00,1078,973,0.00,0.00,0,0
1652997847.396606,eth0,0.00,0.00,0.00,0,0,0.00,0.00,0.00,0,0,0.00,0.00,0,0
1652997847.396634,s3-eth1,5935750.00,64292.00,6000042.00,64292,5935750,1081.00,974.00,2055.00,974,1081,0.00,0.00,0,0
1652997847.396655,total,17972860.00,17966862.00,35939720.00,17966862,17972860,6178.00,6175.00,12353.00,6175,6178,0.00,0.00,0,0
1652997848.396936,s2-eth1,5994400.00,65352.00,6059752.00,65352,5994400,1092.00,990.00,2082.00,990,1092,0.00,0.00,0,0
1652997848.396992,s3-eth2,65488.00,5989986.00,6055474.00,5989986,65488,992.00,1091.00,2083.00,1091,992,0.00,0.00,0,0
1652997848.397080,s2-eth2,65418.00,5989986.00,6055404.00,5989986,65418,991.00,1091.00,2082.00,1091,991,0.00,0.00,0,0
1652997848.397145,s1-eth1,5988612.00,65286.00,6053898.00,65286,5988612,1092.00,989.00,2081.00,989,1092,0.00,0.00,0,0
1652997848.397181,lo,1352.00,1352.00,2704.00,1352,1352,12.00,12.00,24.00,12,12,0.00,0.00,0,0
1652997848.397202,s1-eth2,65352.00,5988542.00,6053894.00,5988542,65352,990.00,1091.00,2081.00,1091,990,0.00,0.00,0,0
1652997848.397240,eth0,0.00,0.00,0.00,0,0,0.00,0.00,0.00,0,0,0.00,0.00,0,0
1652997848.397278,s3-eth1,5995844.00,65418.00,6061262.00,65418,5995844,1092.00,991.00,2083.00,991,1092,0.00,0.00,0,0
1652997848.397298,total,18176466.00,18165922.00,36342388.00,18165922,18176466,6261.00,6255.00,12516.00,6255,6261,0.00,0.00,0,0
1652997849.398028,s2-eth1,5972294.00,65142.86,6037436.50,65208,5978266,1087.91,987.01,2074.93,988,1089,0.00,0.00,0,0
1652997849.398086,s3-eth2,65010.99,5995702.50,6060713.50,6001698,65076,985.02,1091.91,2076.92,1093,986,0.00,0.00,0,0
1652997849.398509,s2-eth2,65010.99,5972294.00,6037305.00,5978266,65076,985.02,1087.91,2072.93,1089,986,0.00,0.00,0,0
1652997849.398576,s1-eth1,5978146.00,65142.86,6043289.00,65208,5984124,1088.91,987.01,2075.92,988,1090,0.00,0.00,0,0
1652997849.398598,lo,0.00,0.00,0.00,0,0,0.00,0.00,0.00,0,0,0.00,0.00,0,0
1652997849.398621,s1-eth2,65142.86,5972294.00,6037436.50,5978266,65208,987.01,1087.91,2074.93,1089,988,0.00,0.00,0,0
1652997849.398675,eth0,0.00,0.00,0.00,0,0,0.00,0.00,0.00,0,0,0.00,0.00,0,0
1652997849.398695,s3-eth1,5972294.00,65076.93,6037371.00,65142,5978266,1087.91,986.01,2073.93,987,1089,0.00,0.00,0,0
1652997849.398715,total,18117898.00,18135652.00,36253552.00,18153788,18136016,6221.78,6227.77,12449.55,6234,6228,0.00,0.00,0,0
1652997850.398977,s2-eth1,5966976.00,64332.00,6031308.00,64332,5966976,1090.00,973.00,2063.00,973,1090,0.00,0.00,0,0
1652997850.399025,s3-eth2,64974.00,5965102.00,6030076.00,5965102,64974,981.00,1087.00,2068.00,1087,981,0.00,0.00,0,0
1652997850.399070,s2-eth2,64578.00,5959424.00,6024002.00,5959424,64578,975.00,1087.00,2062.00,1087,975,0.00,0.00,0,0
1652997850.399139,s1-eth1,5961118.00,64152.00,6025270.00,64152,5961118,1089.00,972.00,2061.00,972,1089,0.00,0.00,0,0
1652997850.399163,lo,3348.00,3348.00,6696.00,3348,3348,18.00,18.00,36.00,18,18,0.00,0.00,0,0
1652997850.399185,s1-eth2,64332.00,5966976.00,6031308.00,5966976,64332,973.00,1090.00,2063.00,1090,973,0.00,0.00,0,0
1652997850.399250,eth0,0.00,0.00,0.00,0,0,0.00,0.00,0.00,0,0,0.00,0.00,0,0
1652997850.399272,s3-eth1,5953566.00,64512.00,6018078.00,64512,5953566,1086.00,974.00,2060.00,974,1086,0.00,0.00,0,0
1652997850.399292,total,18078892.00,18087846.00,36166736.00,18087846,18078892,6212.00,6201.00,12413.00,6201,6212,0.00,0.00,0,0
1652997851.399591,s2-eth1,6001632.00,65340.00,6066972.00,65340,6001632,1092.00,990.00,2082.00,990,1092,0.00,0.00,0,0
1652997851.399628,s3-eth2,65124.00,5995774.00,6060898.00,5995774,65124,985.00,1091.00,2076.00,1091,985,0.00,0.00,0,0
1652997851.399664,s2-eth2,65340.00,5995774.00,6061114.00,5995774,65340,990.00,1091.00,2081.00,1091,990,0.00,0.00,0,0
1652997851.399725,s1-eth1,6001812.00,65406.00,6067218.00,65406,6001812,1093.00,991.00,2084.00,991,1093,0.00,0.00,0,0
1652997851.399747,lo,0.00,0.00,0.00,0,0,0.00,0.00,0.00,0,0,0.00,0.00,0,0
1652997851.399766,s1-eth2,65340.00,6001632.00,6066972.00,6001632,65340,990.00,1092.00,2082.00,1092,990,0.00,0.00,0,0
1652997851.399787,eth0,0.00,0.00,0.00,0,0,0.00,0.00,0.00,0,0,0.00,0.00,0,0
1652997851.399806,s3-eth1,5995774.00,65340.00,6061114.00,65340,5995774,1091.00,990.00,2081.00,990,1091,0.00,0.00,0,0
1652997851.399837,total,18195022.00,18189266.00,36384288.00,18189266,18195022,6241.00,6245.00,12486.00,6245,6241,0.00,0.00,0,0
1652997852.400466,s2-eth1,6013348.00,65550.00,6078898.00,65550,6013348,1094.00,993.00,2087.00,993,1094,0.00,0.00,0,0
1652997852.400524,s3-eth2,65550.00,6025064.00,6090614.00,6025064,65550,993.00,1096.00,2089.00,1096,993,0.00,0.00,0,0
1652997852.400904,s2-eth2,65484.52,6007341.00,6072825.50,6013348,65550,992.01,1092.91,2084.92,1094,993,0.00,0.00,0,0
1652997852.400969,s1-eth1,6013193.00,65484.52,6078677.50,65550,6019206,1093.91,992.01,2085.91,993,1095,0.00,0.00,0,0
1652997852.400991,lo,0.00,0.00,0.00,0,0,0.00,0.00,0.00,0,0,0.00,0.00,0,0
1652997852.401010,s1-eth2,65550.45,6013193.00,6078743.50,6019206,65616,993.01,1093.91,2086.91,1095,994,0.00,0.00,0,0
1652997852.401031,eth0,0.00,0.00,0.00,0,0,0.00,0.00,0.00,0,0,0.00,0.00,0,0
1652997852.401051,s3-eth1,6013193.00,65550.45,6078743.50,65616,6019206,1093.91,993.01,2086.91,994,1095,0.00,0.00,0,0
1652997852.401070,total,18230246.00,18236098.00,36466344.00,18254334,18248476,6257.74,6258.74,12516.48,6265,6264,0.00,0.00,0,0
1652997853.402072,s2-eth1,5935602.50,64549.45,6000152.00,64614,5941538,1079.92,978.02,2057.94,979,1081,0.00,0.00,0,0
1652997853.402391,s3-eth2,64549.45,5929750.50,5994300.00,5935680,64614,978.02,1078.92,2056.94,1080,979,0.00,0.00,0,0
1652997853.402428,s2-eth2,64549.45,5947307.00,6011856.50,5953254,64614,978.02,1081.92,2059.94,1083,979,0.00,0.00,0,0
1652997853.402566,s1-eth1,5935602.50,64549.45,6000152.00,64614,5941538,1079.92,978.02,2057.94,979,1081,0.00,0.00,0,0
1652997853.402589,lo,0.00,0.00,0.00,0,0,0.00,0.00,0.00,0,0,0.00,0.00,0,0
1652997853.402622,s1-eth2,64549.45,5935602.50,6000152.00,5941538,64614,978.02,1079.92,2057.94,1081,979,0.00,0.00,0,0
1652997853.402644,eth0,0.00,0.00,0.00,0,0,0.00,0.00,0.00,0,0,0.00,0.00,0,0
1652997853.402664,s3-eth1,5947307.00,64483.52,6011790.50,64548,5953254,1081.92,977.02,2058.94,978,1083,0.00,0.00,0,0
1652997853.402683,total,18012160.00,18006242.00,36018404.00,18024248,18030172,6175.82,6173.83,12349.65,6180,6182,0.00,0.00,0,0
1652997854.403100,s2-eth1,5918112.00,64453.55,5982565.50,64518,5924030,1077.92,976.02,2053.95,977,1079,0.00,0.00,0,0
1652997854.403162,s3-eth2,64518.00,5960692.00,6025210.00,5960692,64518,977.00,1086.00,2063.00,1086,977,0.00,0.00,0,0
1652997854.403201,s2-eth2,64518.00,5918172.00,5982690.00,5918172,64518,977.00,1078.00,2055.00,1078,977,0.00,0.00,0,0
1652997854.403269,s1-eth1,5924030.00,64518.00,5988548.00,64518,5924030,1079.00,977.00,2056.00,977,1079,0.00,0.00,0,0
1652997854.403291,lo,0.00,0.00,0.00,0,0,0.00,0.00,0.00,0,0,0.00,0.00,0,0
1652997854.403312,s1-eth2,64518.00,5918172.00,5982690.00,5918172,64518,977.00,1078.00,2055.00,1078,977,0.00,0.00,0,0
1652997854.403334,eth0,0.00,0.00,0.00,0,0,0.00,0.00,0.00,0,0,0.00,0.00,0,0
1652997854.403354,s3-eth1,5912314.00,64584.00,5976898.00,64584,5912314,1077.00,978.00,2055.00,978,1077,0.00,0.00,0,0
1652997854.403374,total,17953928.00,17990656.00,35944584.00,17990656,17953928,6166.00,6174.00,12340.00,6174,6166,0.00,0.00,0,0
1652997855.403709,s2-eth1,5772972.00,61974.00,5834946.00,61974,5772972,1050.00,939.00,1989.00,939,1050,0.00,0.00,0,0
1652997855.403791,s3-eth2,61974.00,5809634.00,5871608.00,5809634,61974,939.00,1057.00,1996.00,1057,939,0.00,0.00,0,0
1652997855.403829,s2-eth2,61974.00,5780344.00,5842318.00,5780344,61974,939.00,1052.00,1991.00,1052,939,0.00,0.00,0,0
1652997855.403908,s1-eth1,5772972.00,61908.00,5834880.00,61908,5772972,1050.00,938.00,1988.00,938,1050,0.00,0.00,0,0
1652997855.403931,lo,516.00,516.00,1032.00,516,516,9.00,9.00,18.00,9,9,0.00,0.00,0,0
1652997855.403953,s1-eth2,61908.00,5772972.00,5834880.00,5772972,61908,938.00,1050.00,1988.00,1050,938,0.00,0.00,0,0
1652997855.403975,eth0,0.00,0.00,0.00,0,0,0.00,0.00,0.00,0,0,0.00,0.00,0,0
1652997855.404002,s3-eth1,5780344.00,61908.00,5842252.00,61908,5780344,1052.00,938.00,1990.00,938,1052,0.00,0.00,0,0
1652997855.404024,total,17512660.00,17549256.00,35061916.00,17549256,17512660,5977.00,5983.00,11960.00,5983,5977,0.00,0.00,0,0
1652997856.404465,s2-eth1,5953320.00,64746.00,6018066.00,64746,5953320,1084.00,981.00,2065.00,981,1084,0.00,0.00,0,0
1652997856.404577,s3-eth2,64614.00,5965036.00,6029650.00,5965036,64614,979.00,1086.00,2065.00,1086,979,0.00,0.00,0,0
1652997856.404614,s2-eth2,64680.00,5947462.00,6012142.00,5947462,64680,980.00,1083.00,2063.00,1083,980,0.00,0.00,0,0
1652997856.404680,s1-eth1,5947462.00,64746.00,6012208.00,64746,5947462,1083.00,981.00,2064.00,981,1083,0.00,0.00,0,0
1652997856.404702,lo,0.00,0.00,0.00,0,0,0.00,0.00,0.00,0,0,0.00,0.00,0,0
1652997856.404721,s1-eth2,64746.00,5953320.00,6018066.00,5953320,64746,981.00,1084.00,2065.00,1084,981,0.00,0.00,0,0
1652997856.404742,eth0,0.00,0.00,0.00,0,0,0.00,0.00,0.00,0,0,0.00,0.00,0,0
1652997856.404762,s3-eth1,5947462.00,64746.00,6012208.00,64746,5947462,1083.00,981.00,2064.00,981,1083,0.00,0.00,0,0
1652997856.404781,total,18042284.00,18060056.00,36102340.00,18060056,18042284,6190.00,6196.00,12386.00,6196,6190,0.00,0.00,0,0
1652997857.405117,s2-eth1,5982358.00,70356.00,6052714.00,70356,5982358,1151.00,1066.00,2217.00,1066,1151,0.00,0.00,0,0
1652997857.405178,s3-eth2,70488.00,5982358.00,6052846.00,5982358,70488,1068.00,1151.00,2219.00,1151,1068,0.00,0.00,0,0
1652997857.405223,s2-eth2,70422.00,5963270.00,6033692.00,5963270,70422,1067.00,1147.00,2214.00,1147,1067,0.00,0.00,0,0
1652997857.405286,s1-eth1,5988216.00,70422.00,6058638.00,70422,5988216,1152.00,1067.00,2219.00,1067,1152,0.00,0.00,0,0
1652997857.405307,lo,0.00,0.00,0.00,0,0,0.00,0.00,0.00,0,0,0.00,0.00,0,0
1652997857.405326,s1-eth2,70356.00,5982358.00,6052714.00,5982358,70356,1066.00,1151.00,2217.00,1151,1066,0.00,0.00,0,0
1652997857.405347,eth0,0.00,0.00,0.00,0,0,0.00,0.00,0.00,0,0,0.00,0.00,0,0
1652997857.405367,s3-eth1,5963270.00,70356.00,6033626.00,70356,5963270,1147.00,1066.00,2213.00,1066,1147,0.00,0.00,0,0
1652997857.405386,total,18145110.00,18139120.00,36284232.00,18139120,18145110,6651.00,6648.00,13299.00,6648,6651,0.00,0.00,0,0
1652997858.405941,s2-eth1,5984058.00,65694.00,6049752.00,65694,5984058,1089.00,995.00,2084.00,995,1089,0.00,0.00,0,0
1652997858.406187,s3-eth2,65694.00,5989916.00,6055610.00,5989916,65694,995.00,1090.00,2085.00,1090,995,0.00,0.00,0,0
1652997858.406226,s2-eth2,65628.38,5989784.50,6055413.00,5995774,65694,994.01,1089.91,2083.92,1091,995,0.00,0.00,0,0
1652997858.406326,s1-eth1,5972228.00,65628.38,6037856.50,65694,5978200,1086.91,994.01,2080.92,995,1088,0.00,0.00,0,0
1652997858.406348,lo,0.00,0.00,0.00,0,0,0.00,0.00,0.00,0,0,0.00,0.00,0,0
1652997858.406368,s1-eth2,65694.30,5983932.00,6049626.50,5989916,65760,995.01,1088.91,2083.92,1090,996,0.00,0.00,0,0
1652997858.406389,eth0,0.00,0.00,0.00,0,0,0.00,0.00,0.00,0,0,0.00,0.00,0,0
1652997858.406409,s3-eth1,5989784.50,65694.30,6055478.50,65760,5995774,1089.91,995.01,2084.92,996,1091,0.00,0.00,0,0
1652997858.406428,total,18137044.00,18154600.00,36291644.00,18172754,18155180,6247.75,6250.75,12498.50,6257,6254,0.00,0.00,0,0
1652997859.406720,s2-eth1,6030922.00,65538.00,6096460.00,65538,6030922,1097.00,993.00,2090.00,993,1097,0.00,0.00,0,0
1652997859.406780,s3-eth2,65472.00,6036780.00,6102252.00,6036780,65472,992.00,1098.00,2090.00,1098,992,0.00,0.00,0,0
1652997859.406817,s2-eth2,65538.00,6030922.00,6096460.00,6030922,65538,993.00,1097.00,2090.00,1097,993,0.00,0.00,0,0
1652997859.406880,s1-eth1,6030922.00,65472.00,6096394.00,65472,6030922,1097.00,992.00,2089.00,992,1097,0.00,0.00,0,0
1652997859.406902,lo,0.00,0.00,0.00,0,0,0.00,0.00,0.00,0,0,0.00,0.00,0,0
1652997859.406922,s1-eth2,65472.00,6025064.00,6090536.00,6025064,65472,992.00,1096.00,2088.00,1096,992,0.00,0.00,0,0
1652997859.406943,eth0,0.00,0.00,0.00,0,0,0.00,0.00,0.00,0,0,0.00,0.00,0,0
1652997859.406963,s3-eth1,6030922.00,65472.00,6096394.00,65472,6030922,1097.00,992.00,2089.00,992,1097,0.00,0.00,0,0
1652997859.406982,total,18289248.00,18289248.00,36578496.00,18289248,18289248,6268.00,6268.00,12536.00,6268,6268,0.00,0.00,0,0
1652997860.407387,s2-eth1,5989916.00,65868.00,6055784.00,65868,5989916,1090.00,998.00,2088.00,998,1090,0.00,0.00,0,0
1652997860.407465,s3-eth2,65934.00,5978200.00,6044134.00,5978200,65934,999.00,1088.00,2087.00,1088,999,0.00,0.00,0,0
1652997860.407522,s2-eth2,65868.00,5978200.00,6044068.00,5978200,65868,998.00,1088.00,2086.00,1088,998,0.00,0.00,0,0
1652997860.407584,s1-eth1,5995774.00,65934.00,6061708.00,65934,5995774,1091.00,999.00,2090.00,999,1091,0.00,0.00,0,0
1652997860.407604,lo,516.00,516.00,1032.00,516,516,9.00,9.00,18.00,9,9,0.00,0.00,0,0
1652997860.407623,s1-eth2,65934.00,5995774.00,6061708.00,5995774,65934,999.00,1091.00,2090.00,1091,999,0.00,0.00,0,0
1652997860.407643,eth0,0.00,0.00,0.00,0,0,0.00,0.00,0.00,0,0,0.00,0.00,0,0
1652997860.407667,s3-eth1,5978200.00,65934.00,6044134.00,65934,5978200,1088.00,999.00,2087.00,999,1088,0.00,0.00,0,0
1652997860.407686,total,18162142.00,18150426.00,36312568.00,18150426,18162142,6274.00,6272.00,12546.00,6272,6274,0.00,0.00,0,0
1652997861.408021,s2-eth1,6007490.00,65698.00,6073188.00,65698,6007490,1093.00,995.00,2088.00,995,1093,0.00,0.00,0,0
1652997861.408219,s3-eth2,65632.00,6014862.00,6080494.00,6014862,65632,994.00,1095.00,2089.00,1095,994,0.00,0.00,0,0
1652997861.408257,s2-eth2,65698.00,6013348.00,6079046.00,6013348,65698,995.00,1094.00,2089.00,1094,995,0.00,0.00,0,0
1652997861.408321,s1-eth1,6007490.00,65562.00,6073052.00,65562,6007490,1093.00,993.00,2086.00,993,1093,0.00,0.00,0,0
1652997861.408342,lo,676.00,676.00,1352.00,676,676,6.00,6.00,12.00,6,6,0.00,0.00,0,0
1652997861.408363,s1-eth2,65632.00,6007490.00,6073122.00,6007490,65632,994.00,1093.00,2087.00,1093,994,0.00,0.00,0,0
1652997861.408383,eth0,0.00,0.00,0.00,0,0,0.00,0.00,0.00,0,0,0.00,0.00,0,0
1652997861.408403,s3-eth1,6013348.00,65632.00,6078980.00,65632,6013348,1094.00,994.00,2088.00,994,1094,0.00,0.00,0,0
1652997861.408815,total,18207758.00,18215054.00,36422812.00,18233268,18225966,6262.74,6263.74,12526.47,6270,6269,0.00,0.00,0,0
1652997862.409111,s2-eth1,5983932.00,65802.20,6049734.50,65868,5989916,1088.91,997.00,2085.91,998,1090,0.00,0.00,0,0
1652997862.409167,s3-eth2,66000.00,5988402.00,6054402.00,5988402,66000,1000.00,1089.00,2089.00,1089,1000,0.00,0.00,0,0
1652997862.409227,s2-eth2,66004.00,5984058.00,6050062.00,5984058,66004,1000.00,1089.00,2089.00,1089,1000,0.00,0.00,0,0
1652997862.409323,s1-eth1,5978080.00,65868.13,6043948.00,65934,5984058,1087.91,998.00,2085.91,999,1089,0.00,0.00,0,0
1652997862.409350,lo,337.66,337.66,675.32,338,338,3.00,3.00,5.99,3,3,0.00,0.00,0,0
1652997862.409371,s1-eth2,65802.20,5978080.00,6043882.50,5984058,65868,997.00,1087.91,2084.92,1089,998,0.00,0.00,0,0
1652997862.409406,eth0,0.00,0.00,0.00,0,0,0.00,0.00,0.00,0,0,0.00,0.00,0,0
1652997862.409444,s3-eth1,5978080.00,65938.06,6044018.00,66004,5984058,1087.91,999.00,2086.91,1000,1089,0.00,0.00,0,0
1652997862.409464,total,18156242.00,18154662.00,36310904.00,18154662,18156242,6269.00,6267.00,12536.00,6267,6269,0.00,0.00,0,0
1652997863.409910,s2-eth1,5972482.00,64078.00,6036560.00,64078,5972482,1089.00,971.00,2060.00,971,1089,0.00,0.00,0,0
1652997863.409969,s3-eth2,64086.00,5984128.00,6048214.00,5984128,64086,971.00,1090.00,2061.00,1090,971,0.00,0.00,0,0
1652997863.410005,s2-eth2,64012.00,5972482.00,6036494.00,5972482,64012,970.00,1089.00,2059.00,1089,970,0.00,0.00,0,0
1652997863.410068,s1-eth1,5972482.00,64012.00,6036494.00,64012,5972482,1089.00,970.00,2059.00,970,1089,0.00,0.00,0,0
1652997863.410498,lo,3998.00,3998.00,7996.00,3998,3998,37.00,37.00,74.00,37,37,0.00,0.00,0,0
1652997863.410527,s1-eth2,64013.99,5966515.50,6030529.50,5972482,64078,970.03,1087.91,2057.94,1089,971,0.00,0.00,0,0
1652997863.410625,eth0,0.00,0.00,0.00,0,0,0.00,0.00,0.00,0,0,0.00,0.00,0,0
1652997863.410645,s3-eth1,5966515.50,63948.05,6030463.50,64012,5972482,1087.91,969.03,2056.94,970,1089,0.00,0.00,0,0
1652997863.410665,total,18095524.00,18107086.00,36202612.00,18125192,18113620,6209.79,6209.79,12419.58,6216,6216,0.00,0.00,0,0
1652997864.411340,s2-eth1,5995748.50,65670.33,6061418.50,65736,6001744,1092.91,995.01,2087.91,996,1094,0.00,0.00,0,0
1652997864.411526,s3-eth2,65736.27,6007383.00,6073119.00,6013390,65802,996.00,1093.91,2089.91,1095,997,0.00,0.00,0,0
1652997864.411563,s2-eth2,65670.33,5995678.50,6061349.00,6001674,65736,995.01,1091.91,2086.91,1093,996,0.00,0.00,0,0
1652997864.411714,s1-eth1,6001600.50,65670.33,6067271.00,65736,6007602,1093.91,995.01,2088.91,996,1095,0.00,0.00,0,0
1652997864.411744,lo,337.66,337.66,675.32,338,338,3.00,3.00,5.99,3,3,0.00,0.00,0,0
1652997864.411763,s1-eth2,65670.33,5995748.50,6061418.50,6001744,65736,995.01,1092.91,2087.91,1094,996,0.00,0.00,0,0
1652997864.411783,eth0,0.00,0.00,0.00,0,0,0.00,0.00,0.00,0,0,0.00,0.00,0,0
1652997864.411802,s3-eth1,5995678.50,65670.33,6061349.00,65736,6001674,1091.91,995.01,2086.91,996,1093,0.00,0.00,0,0
1652997864.411821,total,18190442.00,18196158.00,36386600.00,18214354,18208632,6267.73,6266.73,12534.47,6273,6274,0.00,0.00,0,0
1652997865.412217,s2-eth1,6019206.00,66000.00,6085206.00,66000,6019206,1095.00,1000.00,2095.00,1000,1095,0.00,0.00,0,0
1652997865.412281,s3-eth2,66000.00,6025064.00,6091064.00,6025064,66000,1000.00,1096.00,2096.00,1096,1000,0.00,0.00,0,0
1652997865.412361,s2-eth2,66000.00,6025064.00,6091064.00,6025064,66000,1000.00,1096.00,2096.00,1096,1000,0.00,0.00,0,0
1652997865.412595,s1-eth1,6019206.00,66000.00,6085206.00,66000,6019206,1095.00,1000.00,2095.00,1000,1095,0.00,0.00,0,0
1652997865.412820,lo,0.00,0.00,0.00,0,0,0.00,0.00,0.00,0,0,0.00,0.00,0,0
1652997865.412841,s1-eth2,66000.00,6019045.00,6085045.00,6025064,66066,1000.00,1094.91,2094.91,1096,1001,0.00,0.00,0,0
1652997865.412879,eth0,0.00,0.00,0.00,0,0,0.00,0.00,0.00,0,0,0.00,0.00,0,0
1652997865.412900,s3-eth1,6024897.50,65934.07,6090831.50,66000,6030922,1095.90,999.00,2094.91,1000,1097,0.00,0.00,0,0
1652997865.412921,total,18249152.00,18254938.00,36504088.00,18273192,18267400,6281.72,6281.72,12563.44,6288,6288,0.00,0.00,0,0
1652997866.413232,s2-eth1,5857267.00,68883.12,5926150.00,68952,5863124,1138.86,1041.96,2180.82,1043,1140,0.00,0.00,0,0
1652997866.413278,s3-eth2,69132.00,5856906.00,5926038.00,5856906,69132,1044.00,1137.00,2181.00,1137,1044,0.00,0.00,0,0
1652997866.413315,s2-eth2,69198.00,5862944.00,5932142.00,5862944,69198,1045.00,1139.00,2184.00,1139,1045,0.00,0.00,0,0
1652997866.413380,s1-eth1,5857336.00,68838.00,5926174.00,68838,5857336,1140.00,1043.00,2183.00,1043,1140,0.00,0.00,0,0
1652997866.413552,lo,3348.00,3348.00,6696.00,3348,3348,18.00,18.00,36.00,18,18,0.00,0.00,0,0
1652997866.413573,s1-eth2,68886.00,5857266.00,5926152.00,5857266,68886,1042.00,1139.00,2181.00,1139,1042,0.00,0.00,0,0
1652997866.413594,eth0,0.00,0.00,0.00,0,0,0.00,0.00,0.00,0,0,0.00,0.00,0,0
1652997866.413628,s3-eth1,5857086.00,69198.00,5926284.00,69198,5857086,1138.00,1045.00,2183.00,1045,1138,0.00,0.00,0,0
1652997866.413648,total,17788110.00,17787452.00,35575560.00,17787452,17788110,6567.00,6564.00,13131.00,6564,6567,0.00,0.00,0,0
1652997867.414036,s2-eth1,6022168.00,66660.00,6088828.00,66660,6022168,1096.00,1010.00,2106.00,1010,1096,0.00,0.00,0,0
1652997867.414083,s3-eth2,66906.00,6030922.00,6097828.00,6030922,66906,1012.00,1097.00,2109.00,1097,1012,0.00,0.00,0,0
1652997867.414180,s2-eth2,66594.00,6019206.00,6085800.00,6019206,66594,1009.00,1095.00,2104.00,1095,1009,0.00,0.00,0,0
1652997867.414248,s1-eth1,6025244.00,66594.00,6091838.00,66594,6025244,1097.00,1009.00,2106.00,1009,1097,0.00,0.00,0,0
1652997867.414270,lo,0.00,0.00,0.00,0,0,0.00,0.00,0.00,0,0,0.00,0.00,0,0
1652997867.414290,s1-eth2,66660.00,6022168.00,6088828.00,6022168,66660,1010.00,1096.00,2106.00,1096,1010,0.00,0.00,0,0
1652997867.414310,eth0,0.00,0.00,0.00,0,0,0.00,0.00,0.00,0,0,0.00,0.00,0,0
1652997867.414330,s3-eth1,6019206.00,66594.00,6085800.00,66594,6019206,1095.00,1009.00,2104.00,1009,1095,0.00,0.00,0,0
1652997867.414349,total,18266778.00,18272144.00,36538920.00,18272144,18266778,6319.00,6316.00,12635.00,6316,6319,0.00,0.00,0,0
1652997868.414786,s2-eth1,6027960.00,65748.00,6093708.00,65748,6027960,1096.00,996.00,2092.00,996,1096,0.00,0.00,0,0
1652997868.414834,s3-eth2,65682.00,6032436.00,6098118.00,6032436,65682,995.00,1098.00,2093.00,1098,995,0.00,0.00,0,0
1652997868.414872,s2-eth2,65748.00,6025064.00,6090812.00,6025064,65748,996.00,1096.00,2092.00,1096,996,0.00,0.00,0,0
1652997868.414936,s1-eth1,6025064.00,65748.00,6090812.00,65748,6025064,1096.00,996.00,2092.00,996,1096,0.00,0.00,0,0
1652997868.415013,lo,0.00,0.00,0.00,0,0,0.00,0.00,0.00,0,0,0.00,0.00,0,0
1652997868.415033,s1-eth2,65748.00,6027960.00,6093708.00,6027960,65748,996.00,1096.00,2092.00,1096,996,0.00,0.00,0,0
1652997868.415054,eth0,0.00,0.00,0.00,0,0,0.00,0.00,0.00,0,0,0.00,0.00,0,0
1652997868.415177,s3-eth1,6025064.00,65748.00,6090812.00,65748,6025064,1096.00,996.00,2092.00,996,1096,0.00,0.00,0,0
1652997868.415197,total,18275266.00,18282704.00,36557968.00,18282704,18275266,6275.00,6278.00,12553.00,6278,6275,0.00,0.00,0,0
1652997869.415511,s2-eth1,6038294.00,66420.00,6104714.00,66420,6038294,1099.00,1006.00,2105.00,1006,1099,0.00,0.00,0,0
1652997869.415572,s3-eth2,66420.00,6038294.00,6104714.00,6038294,66420,1006.00,1099.00,2105.00,1099,1006,0.00,0.00,0,0
1652997869.415609,s2-eth2,66420.00,6038294.00,6104714.00,6038294,66420,1006.00,1099.00,2105.00,1099,1006,0.00,0.00,0,0
1652997869.415673,s1-eth1,6044152.00,66486.00,6110638.00,66486,6044152,1100.00,1007.00,2107.00,1007,1100,0.00,0.00,0,0
1652997869.415695,lo,0.00,0.00,0.00,0,0,0.00,0.00,0.00,0,0,0.00,0.00,0,0
1652997869.415715,s1-eth2,66486.00,6044152.00,6110638.00,6044152,66486,1007.00,1100.00,2107.00,1100,1007,0.00,0.00,0,0
1652997869.415737,eth0,0.00,0.00,0.00,0,0,0.00,0.00,0.00,0,0,0.00,0.00,0,0
1652997869.415772,s3-eth1,6044152.00,66420.00,6110572.00,66420,6044152,1100.00,1006.00,2106.00,1006,1100,0.00,0.00,0,0
1652997869.415795,total,18325924.00,18320066.00,36645992.00,18320066,18325924,6318.00,6317.00,12635.00,6317,6318,0.00,0.00,0,0
1652997870.416067,s2-eth1,5989916.00,65802.00,6055718.00,65802,5989916,1090.00,997.00,2087.00,997,1090,0.00,0.00,0,0
1652997870.416125,s3-eth2,65802.00,6013348.00,6079150.00,6013348,65802,997.00,1094.00,2091.00,1094,997,0.00,0.00,0,0
1652997870.416162,s2-eth2,65802.00,5989916.00,6055718.00,5989916,65802,997.00,1090.00,2087.00,1090,997,0.00,0.00,0,0
1652997870.416225,s1-eth1,5989916.00,65802.00,6055718.00,65802,5989916,1090.00,997.00,2087.00,997,1090,0.00,0.00,0,0
1652997870.416247,lo,0.00,0.00,0.00,0,0,0.00,0.00,0.00,0,0,0.00,0.00,0,0
1652997870.416266,s1-eth2,65802.00,5989916.00,6055718.00,5989916,65802,997.00,1090.00,2087.00,1090,997,0.00,0.00,0,0
1652997870.416286,eth0,0.00,0.00,0.00,0,0,0.00,0.00,0.00,0,0,0.00,0.00,0,0
1652997870.416306,s3-eth1,5989916.00,65802.00,6055718.00,65802,5989916,1090.00,997.00,2087.00,997,1090,0.00,0.00,0,0
1652997870.416325,total,18167154.00,18190586.00,36357740.00,18190586,18167154,6261.00,6265.00,12526.00,6265,6261,0.00,0.00,0,0
1652997871.416633,s2-eth1,6013348.00,65934.00,6079282.00,65934,6013348,1094.00,999.00,2093.00,999,1094,0.00,0.00,0,0
1652997871.416833,s3-eth2,66066.00,6019206.00,6085272.00,6019206,66066,1001.00,1095.00,2096.00,1095,1001,0.00,0.00,0,0
1652997871.416869,s2-eth2,66000.00,6013348.00,6079348.00,6013348,66000,1000.00,1094.00,2094.00,1094,1000,0.00,0.00,0,0
1652997871.416929,s1-eth1,6007490.00,65934.00,6073424.00,65934,6007490,1093.00,999.00,2092.00,999,1093,0.00,0.00,0,0
1652997871.416949,lo,516.00,516.00,1032.00,516,516,9.00,9.00,18.00,9,9,0.00,0.00,0,0
1652997871.416969,s1-eth2,65868.00,6007490.00,6073358.00,6007490,65868,998.00,1093.00,2091.00,1093,998,0.00,0.00,0,0
1652997871.416988,eth0,0.00,0.00,0.00,0,0,0.00,0.00,0.00,0,0,0.00,0.00,0,0
1652997871.417007,s3-eth1,6007490.00,66000.00,6073490.00,66000,6007490,1093.00,1000.00,2093.00,1000,1093,0.00,0.00,0,0
1652997871.417025,total,18226778.00,18238428.00,36465208.00,18238428,18226778,6288.00,6289.00,12577.00,6289,6288,0.00,0.00,0,0
1652997872.417362,s2-eth1,5827274.00,63684.00,5890958.00,63684,5827274,1061.00,964.00,2025.00,964,1061,0.00,0.00,0,0
1652997872.417508,s3-eth2,63618.00,5852220.00,5915838.00,5852220,63618,963.00,1066.00,2029.00,1066,963,0.00,0.00,0,0
1652997872.417548,s2-eth2,63618.00,5852220.00,5915838.00,5852220,63618,963.00,1066.00,2029.00,1066,963,0.00,0.00,0,0
1652997872.417615,s1-eth1,5833066.00,63684.00,5896750.00,63684,5833066,1061.00,964.00,2025.00,964,1061,0.00,0.00,0,0
1652997872.417638,lo,0.00,0.00,0.00,0,0,0.00,0.00,0.00,0,0,0.00,0.00,0,0
1652997872.417660,s1-eth2,63750.00,5833132.00,5896882.00,5833132,63750,965.00,1062.00,2027.00,1062,965,0.00,0.00,0,0
1652997872.417689,eth0,0.00,0.00,0.00,0,0,0.00,0.00,0.00,0,0,0.00,0.00,0,0
1652997872.417710,s3-eth1,5858078.00,63618.00,5921696.00,63618,5858078,1067.00,963.00,2030.00,963,1067,0.00,0.00,0,0
1652997872.417731,total,17709404.00,17728558.00,35437960.00,17728558,17709404,6080.00,6085.00,12165.00,6085,6080,0.00,0.00,0,0
1652997873.418071,s2-eth1,5966484.00,65166.00,6031650.00,65166,5966484,1086.00,987.00,2073.00,987,1086,0.00,0.00,0,0
1652997873.418218,s3-eth2,65034.00,5976686.00,6041720.00,5976686,65034,985.00,1087.00,2072.00,1087,985,0.00,0.00,0,0
1652997873.418256,s2-eth2,65166.00,5976686.00,6041852.00,5976686,65166,987.00,1087.00,2074.00,1087,987,0.00,0.00,0,0
1652997873.418322,s1-eth1,5960692.00,65166.00,6025858.00,65166,5960692,1086.00,987.00,2073.00,987,1086,0.00,0.00,0,0
1652997873.418344,lo,0.00,0.00,0.00,0,0,0.00,0.00,0.00,0,0,0.00,0.00,0,0
1652997873.418363,s1-eth2,65100.00,5960626.00,6025726.00,5960626,65100,986.00,1085.00,2071.00,1085,986,0.00,0.00,0,0
1652997873.418384,eth0,0.00,0.00,0.00,0,0,0.00,0.00,0.00,0,0,0.00,0.00,0,0
1652997873.418404,s3-eth1,5970828.00,65166.00,6035994.00,65166,5970828,1086.00,987.00,2073.00,987,1086,0.00,0.00,0,0
1652997873.418423,total,18093304.00,18109496.00,36202800.00,18109496,18093304,6216.00,6220.00,12436.00,6220,6216,0.00,0.00,0,0
1652997874.419380,s2-eth1,5983932.00,65286.71,6049219.00,65352,5989916,1088.91,989.01,2077.92,990,1090,0.00,0.00,0,0
1652997874.419443,s3-eth2,65352.65,5995636.50,6060989.00,6001632,65418,990.01,1090.91,2080.92,1092,991,0.00,0.00,0,0
1652997874.419483,s2-eth2,65286.71,6001488.50,6066775.50,6007490,65352,989.01,1091.91,2080.92,1093,990,0.00,0.00,0,0
1652997874.419550,s1-eth1,5989784.50,65286.71,6055071.00,65352,5995774,1089.91,989.01,2078.92,990,1091,0.00,0.00,0,0
1652997874.419573,lo,0.00,0.00,0.00,0,0,0.00,0.00,0.00,0,0,0.00,0.00,0,0
1652997874.419594,s1-eth2,65286.71,5983932.00,6049219.00,5989916,65352,989.01,1088.91,2077.92,1090,990,0.00,0.00,0,0
1652997874.419617,eth0,0.00,473.53,473.53,474,0,0.00,1.00,1.00,1,0,0.00,0.00,0,0
1652997874.419639,s3-eth1,6001488.50,65286.71,6066775.50,65352,6007490,1091.91,989.01,2080.92,990,1093,0.00,0.00,0,0
1652997874.419660,total,18171132.00,18177392.00,36348524.00,18195568,18189302,6238.76,6239.76,12478.52,6246,6245,0.00,0.00,0,0
1652997875.421593,s2-eth1,6042335.50,66197.61,6108533.00,66330,6054420,1099.80,1002.99,2102.79,1005,1102,0.00,0.00,0,0
1652997875.421645,s3-eth2,66197.61,6032154.00,6098351.50,6044218,66330,1002.99,1098.80,2101.80,1101,1005,0.00,0.00,0,0
1652997875.421798,s2-eth2,66197.61,6038000.00,6104198.00,6050076,66330,1002.99,1099.80,2102.79,1102,1005,0.00,0.00,0,0
1652997875.421862,s1-eth1,6036489.00,66197.61,6102687.00,66330,6048562,1098.80,1002.99,2101.80,1005,1101,0.00,0.00,0,0
1652997875.421972,lo,0.00,0.00,0.00,0,0,0.00,0.00,0.00,0,0,0.00,0.00,0,0
1652997875.421993,s1-eth2,66197.61,6042335.50,6108533.00,6054420,66330,1002.99,1099.80,2102.79,1102,1005,0.00,0.00,0,0
1652997875.422016,eth0,0.00,0.00,0.00,0,0,0.00,0.00,0.00,0,0,0.00,0.00,0,0
1652997875.422037,s3-eth1,6038000.00,66197.61,6104198.00,66330,6050076,1099.80,1002.99,2102.79,1005,1102,0.00,0.00,0,0
1652997875.422058,total,18315418.00,18311082.00,36626500.00,18347704,18352048,6307.39,6307.39,12614.77,6320,6320,0.00,0.00,0,0
1652997876.422902,s2-eth1,6001488.50,65166.84,6066655.50,65232,6007490,1091.91,987.01,2078.92,988,1093,0.00,0.00,0,0
1652997876.422950,s3-eth2,65154.85,5989784.50,6054939.00,5995774,65220,987.01,1089.91,2076.92,1091,988,0.00,0.00,0,0
1652997876.422988,s2-eth2,65154.85,6001488.50,6066643.50,6007490,65220,987.01,1091.91,2078.92,1093,988,0.00,0.00,0,0
1652997876.423056,s1-eth1,6001488.50,65034.97,6066523.50,65100,6007490,1091.91,985.02,2076.92,986,1093,0.00,0.00,0,0
1652997876.423078,lo,515.48,515.48,1030.97,516,516,8.99,8.99,17.98,9,9,0.00,0.00,0,0
1652997876.423099,s1-eth2,65166.84,6001488.50,6066655.50,6007490,65232,987.01,1091.91,2078.92,1093,988,0.00,0.00,0,0
1652997876.423120,eth0,0.00,0.00,0.00,0,0,0.00,0.00,0.00,0,0,0.00,0.00,0,0
1652997876.423140,s3-eth1,6001488.50,65154.85,6066643.50,65220,6007490,1091.91,987.01,2078.92,988,1093,0.00,0.00,0,0
1652997876.423170,total,18200458.00,18188634.00,36389092.00,18206822,18218658,6245.75,6241.76,12487.51,6248,6252,0.00,0.00,0,0
1652997877.423433,s2-eth1,5948910.00,64626.00,6013536.00,64626,5948910,1083.00,979.00,2062.00,979,1083,0.00,0.00,0,0
1652997877.423476,s3-eth2,64638.00,5964970.00,6029608.00,5964970,64638,979.00,1085.00,2064.00,1085,979,0.00,0.00,0,0
1652997877.423511,s2-eth2,64638.00,5941538.00,6006176.00,5941538,64638,979.00,1081.00,2060.00,1081,979,0.00,0.00,0,0
1652997877.423570,s1-eth1,5948910.00,64758.00,6013668.00,64758,5948910,1083.00,981.00,2064.00,981,1083,0.00,0.00,0,0
1652997877.423591,lo,0.00,0.00,0.00,0,0,0.00,0.00,0.00,0,0,0.00,0.00,0,0
1652997877.423610,s1-eth2,64626.00,5948910.00,6013536.00,5948910,64626,979.00,1083.00,2062.00,1083,979,0.00,0.00,0,0
1652997877.423630,eth0,0.00,0.00,0.00,0,0,0.00,0.00,0.00,0,0,0.00,0.00,0,0
1652997877.423648,s3-eth1,5941538.00,64638.00,6006176.00,64638,5941538,1081.00,979.00,2060.00,979,1081,0.00,0.00,0,0
1652997877.423667,total,18033260.00,18049440.00,36082700.00,18049440,18033260,6184.00,6188.00,12372.00,6188,6184,0.00,0.00,0,0
1652997878.424170,s2-eth1,5833066.00,63696.00,5896762.00,63696,5833066,1061.00,964.00,2025.00,964,1061,0.00,0.00,0,0
1652997878.424235,s3-eth2,63828.00,5817006.00,5880834.00,5817006,63828,966.00,1059.00,2025.00,1059,966,0.00,0.00,0,0
1652997878.424352,s2-eth2,63762.00,5815492.00,5879254.00,5815492,63762,965.00,1058.00,2023.00,1058,965,0.00,0.00,0,0
1652997878.424427,s1-eth1,5833066.00,63696.00,5896762.00,63696,5833066,1061.00,964.00,2025.00,964,1061,0.00,0.00,0,0
1652997878.424475,lo,0.00,0.00,0.00,0,0,0.00,0.00,0.00,0,0,0.00,0.00,0,0
1652997878.424495,s1-eth2,63762.00,5833066.00,5896828.00,5833066,63762,965.00,1061.00,2026.00,1061,965,0.00,0.00,0,0
1652997878.424516,eth0,0.00,0.00,0.00,0,0,0.00,0.00,0.00,0,0,0.00,0.00,0,0
1652997878.424535,s3-eth1,5815492.00,63762.00,5879254.00,63762,5815492,1058.00,965.00,2023.00,965,1058,0.00,0.00,0,0
1652997878.424555,total,17672976.00,17656718.00,35329696.00,17656718,17672976,6076.00,6071.00,12147.00,6071,6076,0.00,0.00,0,0
1652997879.425012,s2-eth1,6038294.00,66066.00,6104360.00,66066,6038294,1099.00,1001.00,2100.00,1001,1099,0.00,0.00,0,0
1652997879.425223,s3-eth2,65934.00,6042638.00,6108572.00,6042638,65934,999.00,1099.00,2098.00,1099,999,0.00,0.00,0,0
1652997879.425264,s2-eth2,66000.00,6038294.00,6104294.00,6038294,66000,1000.00,1099.00,2099.00,1099,1000,0.00,0.00,0,0
1652997879.425331,s1-eth1,6044152.00,66132.00,6110284.00,66132,6044152,1100.00,1002.00,2102.00,1002,1100,0.00,0.00,0,0
1652997879.425355,lo,0.00,0.00,0.00,0,0,0.00,0.00,0.00,0,0,0.00,0.00,0,0
1652997879.425376,s1-eth2,66066.00,6044152.00,6110218.00,6044152,66066,1001.00,1100.00,2101.00,1100,1001,0.00,0.00,0,0
1652997879.425398,eth0,0.00,0.00,0.00,0,0,0.00,0.00,0.00,0,0,0.00,0.00,0,0
1652997879.425419,s3-eth1,6038294.00,66000.00,6104294.00,66000,6038294,1099.00,1000.00,2099.00,1000,1099,0.00,0.00,0,0
1652997879.425440,total,18318740.00,18323282.00,36642024.00,18323282,18318740,6298.00,6301.00,12599.00,6301,6298,0.00,0.00,0,0
1652997880.425721,s2-eth1,6051458.00,66792.00,6118250.00,66792,6051458,1101.00,1012.00,2113.00,1012,1101,0.00,0.00,0,0
1652997880.425767,s3-eth2,66726.00,6044152.00,6110878.00,6044152,66726,1011.00,1100.00,2111.00,1100,1011,0.00,0.00,0,0
1652997880.426070,s2-eth2,66726.00,6044152.00,6110878.00,6044152,66726,1011.00,1100.00,2111.00,1100,1011,0.00,0.00,0,0
1652997880.426193,s1-eth1,6048496.00,66660.00,6115156.00,66660,6048496,1100.00,1010.00,2110.00,1010,1100,0.00,0.00,0,0
1652997880.426232,lo,0.00,0.00,0.00,0,0,0.00,0.00,0.00,0,0,0.00,0.00,0,0
1652997880.426310,s1-eth2,66726.00,6045600.00,6112326.00,6045600,66726,1011.00,1100.00,2111.00,1100,1011,0.00,0.00,0,0
1652997880.426331,eth0,0.00,0.00,0.00,0,0,0.00,0.00,0.00,0,0,0.00,0.00,0,0
1652997880.426349,s3-eth1,6050010.00,66792.00,6116802.00,66792,6050010,1101.00,1012.00,2113.00,1012,1101,0.00,0.00,0,0
1652997880.426368,total,18350142.00,18334148.00,36684288.00,18334148,18350142,6335.00,6334.00,12669.00,6334,6335,0.00,0.00,0,0
1652997881.426778,s2-eth1,6035155.00,66197.80,6101353.00,66264,6041190,1097.90,1003.00,2100.90,1004,1099,0.00,0.00,0,0
1652997881.426819,s3-eth2,66329.67,6042453.50,6108783.50,6048496,66396,1005.00,1098.90,2103.90,1100,1006,0.00,0.00,0,0
1652997881.426967,s2-eth2,66330.00,6048496.00,6114826.00,6048496,66330,1005.00,1100.00,2105.00,1100,1005,0.00,0.00,0,0
1652997881.427037,s1-eth1,6044152.00,66198.00,6110350.00,66198,6044152,1100.00,1003.00,2103.00,1003,1100,0.00,0.00,0,0
1652997881.427059,lo,516.00,516.00,1032.00,516,516,9.00,9.00,18.00,9,9,0.00,0.00,0,0
1652997881.427079,s1-eth2,66264.00,6047048.00,6113312.00,6047048,66264,1004.00,1100.00,2104.00,1100,1004,0.00,0.00,0,0
1652997881.427100,eth0,0.00,0.00,0.00,0,0,0.00,0.00,0.00,0,0,0.00,0.00,0,0
1652997881.427197,s3-eth1,6042638.00,66264.00,6108902.00,66264,6042638,1099.00,1004.00,2103.00,1004,1099,0.00,0.00,0,0
1652997881.427216,total,18327486.00,18343282.00,36670768.00,18343282,18327486,6322.00,6320.00,12642.00,6320,6322,0.00,0.00,0,0
1652997882.427848,s2-eth1,6023726.50,72641.36,6096368.00,72714,6029750,1165.83,1099.90,2265.73,1101,1167,0.00,0.00,0,0
1652997882.428031,s3-eth2,72509.49,6031091.00,6103600.50,6037122,72582,1097.90,1167.83,2265.73,1169,1099,0.00,0.00,0,0
1652997882.428069,s2-eth2,72575.43,6025239.00,6097814.50,6031264,72648,1098.90,1166.83,2265.73,1168,1100,0.00,0.00,0,0
1652997882.428131,s1-eth1,6017874.50,72839.16,6090713.50,72912,6023892,1164.84,1102.90,2267.73,1104,1166,0.00,0.00,0,0
1652997882.428153,lo,0.00,0.00,0.00,0,0,0.00,0.00,0.00,0,0,0.00,0.00,0,0
1652997882.428173,s1-eth2,72707.30,6017874.50,6090581.50,6023892,72780,1100.90,1164.84,2265.73,1166,1102,0.00,0.00,0,0
1652997882.428194,eth0,0.00,0.00,0.00,0,0,0.00,0.00,0.00,0,0,0.00,0.00,0,0
1652997882.428214,s3-eth1,6025239.00,72641.36,6097880.50,72714,6031264,1166.83,1099.90,2266.73,1101,1168,0.00,0.00,0,0
1652997882.428243,total,18284632.00,18292326.00,36576960.00,18310618,18302916,6795.20,6802.20,13597.40,6809,6802,0.00,0.00,0,0
1652997883.429022,s2-eth1,5966376.00,65670.33,6032046.00,65736,5972342,1085.91,995.01,2080.92,996,1087,0.00,0.00,0,0
1652997883.429159,s3-eth2,65670.33,5978080.00,6043750.50,5984058,65736,995.01,1087.91,2082.92,1089,996,0.00,0.00,0,0
1652997883.429210,s2-eth2,65736.27,5964863.50,6030599.50,5970828,65802,996.00,1084.92,2080.92,1086,997,0.00,0.00,0,0
1652997883.429334,s1-eth1,5966376.00,65604.40,6031980.00,65670,5972342,1085.91,994.01,2079.92,995,1087,0.00,0.00,0,0
1652997883.429369,lo,0.00,0.00,0.00,0,0,0.00,0.00,0.00,0,0,0.00,0.00,0,0
1652997883.429391,s1-eth2,65604.40,5966376.00,6031980.00,5972342,65670,994.01,1085.91,2079.92,1087,995,0.00,0.00,0,0
1652997883.429415,eth0,0.00,0.00,0.00,0,0,0.00,0.00,0.00,0,0,0.00,0.00,0,0
1652997883.429436,s3-eth1,5964863.50,65670.33,6030533.50,65736,5970828,1084.92,995.01,2079.92,996,1086,0.00,0.00,0,0
1652997883.429458,total,18094626.00,18106264.00,36200888.00,18124370,18112720,6241.76,6242.76,12484.52,6249,6248,0.00,0.00,0,0
1652997884.429832,s2-eth1,5906390.00,64176.00,5970566.00,64176,5906390,1075.00,972.00,2047.00,972,1075,0.00,0.00,0,0
1652997884.429894,s3-eth2,64176.00,5916592.00,5980768.00,5916592,64176,972.00,1076.00,2048.00,1076,972,0.00,0.00,0,0
1652997884.429932,s2-eth2,64176.00,5912248.00,5976424.00,5912248,64176,972.00,1076.00,2048.00,1076,972,0.00,0.00,0,0
1652997884.429995,s1-eth1,5912248.00,64110.00,5976358.00,64110,5912248,1076.00,971.00,2047.00,971,1076,0.00,0.00,0,0
1652997884.430017,lo,0.00,0.00,0.00,0,0,0.00,0.00,0.00,0,0,0.00,0.00,0,0
1652997884.430037,s1-eth2,64176.00,5912248.00,5976424.00,5912248,64176,972.00,1076.00,2048.00,1076,972,0.00,0.00,0,0
1652997884.430058,eth0,0.00,0.00,0.00,0,0,0.00,0.00,0.00,0,0,0.00,0.00,0,0
1652997884.430270,s3-eth1,5912248.00,64176.00,5976424.00,64176,5912248,1076.00,972.00,2048.00,972,1076,0.00,0.00,0,0
1652997884.430322,total,17923414.00,17933550.00,35856964.00,17933550,17923414,6143.00,6143.00,12286.00,6143,6143,0.00,0.00,0,0
1652997885.430825,s2-eth1,6000184.00,65916.00,6066100.00,65916,6000184,1092.00,998.00,2090.00,998,1092,0.00,0.00,0,0
1652997885.430956,s3-eth2,65850.15,5989850.50,6055700.50,5995840,65916,997.00,1090.91,2087.91,1092,998,0.00,0.00,0,0
1652997885.431728,s2-eth2,65784.22,5989850.50,6055634.50,5995840,65850,996.00,1090.91,2086.91,1092,997,0.00,0.00,0,0
1652997885.431813,s1-eth1,5995702.50,65916.09,6061618.50,65982,6001698,1091.91,998.00,2089.91,999,1093,0.00,0.00,0,0
1652997885.431835,lo,0.00,0.00,0.00,0,0,0.00,0.00,0.00,0,0,0.00,0.00,0,0
1652997885.431855,s1-eth2,65916.09,5995702.50,6061618.50,6001698,65982,998.00,1091.91,2089.91,1093,999,0.00,0.00,0,0
1652997885.431876,eth0,0.00,0.00,0.00,0,0,0.00,0.00,0.00,0,0,0.00,0.00,0,0
1652997885.431975,s3-eth1,5995702.50,65850.15,6061552.50,65916,6001698,1091.91,997.00,2088.91,998,1093,0.00,0.00,0,0
1652997885.431995,total,18183146.00,18173020.00,36356164.00,18191192,18201328,6265.73,6265.73,12531.47,6272,6272,0.00,0.00,0,0
1652997886.432255,s2-eth1,6020557.50,65550.45,6086108.00,65616,6026578,1095.90,993.01,2088.91,994,1097,0.00,0.00,0,0
1652997886.432511,s3-eth2,65550.45,6014705.50,6080256.00,6020720,65616,993.01,1094.91,2087.91,1096,994,0.00,0.00,0,0
1652997886.432547,s2-eth2,65616.38,6019045.00,6084661.50,6025064,65682,994.01,1094.91,2088.91,1096,995,0.00,0.00,0,0
1652997886.432609,s1-eth1,6025064.00,65550.00,6090614.00,65550,6025064,1096.00,993.00,2089.00,993,1096,0.00,0.00,0,0
1652997886.432630,lo,516.00,516.00,1032.00,516,516,9.00,9.00,18.00,9,9,0.00,0.00,0,0
1652997886.432650,s1-eth2,65550.00,6025064.00,6090614.00,6025064,65550,993.00,1096.00,2089.00,1096,993,0.00,0.00,0,0
1652997886.432670,eth0,0.00,0.00,0.00,0,0,0.00,0.00,0.00,0,0,0.00,0.00,0,0
1652997886.432688,s3-eth1,6025064.00,65616.00,6090680.00,65616,6025064,1096.00,994.00,2090.00,994,1096,0.00,0.00,0,0
1652997886.432707,total,18274070.00,18268146.00,36542216.00,18268146,18274070,6280.00,6278.00,12558.00,6278,6280,0.00,0.00,0,0
1652997887.433322,s2-eth1,6036601.50,66263.73,6102865.50,66330,6042638,1097.90,1004.00,2101.90,1005,1099,0.00,0.00,0,0
1652997887.433379,s3-eth2,66462.00,6048496.00,6114958.00,6048496,66462,1007.00,1100.00,2107.00,1100,1007,0.00,0.00,0,0
1652997887.434211,s2-eth2,66329.67,6038114.00,6104443.50,6044152,66396,1005.00,1098.90,2103.90,1100,1006,0.00,0.00,0,0
1652997887.434278,s1-eth1,6038114.00,66395.61,6104509.50,66462,6044152,1098.90,1005.99,2104.90,1007,1100,0.00,0.00,0,0
1652997887.434299,lo,0.00,0.00,0.00,0,0,0.00,0.00,0.00,0,0,0.00,0.00,0,0
1652997887.434319,s1-eth2,66329.67,6038114.00,6104443.50,6044152,66396,1005.00,1098.90,2103.90,1100,1006,0.00,0.00,0,0
1652997887.434340,eth0,0.00,0.00,0.00,0,0,0.00,0.00,0.00,0,0,0.00,0.00,0,0
1652997887.434359,s3-eth1,6043966.00,66395.61,6110362.00,66462,6050010,1099.90,1005.99,2105.89,1007,1101,0.00,0.00,0,0
1652997887.434381,total,18317736.00,18317736.00,36635472.00,18336054,18336054,6312.69,6312.69,12625.37,6319,6319,0.00,0.00,0,0
1652997888.434859,s2-eth1,6020557.50,65934.07,6086491.50,66000,6026578,1095.90,999.00,2094.91,1000,1097,0.00,0.00,0,0
1652997888.434915,s3-eth2,65802.20,6014705.50,6080507.50,6020720,65868,997.00,1094.91,2091.91,1096,998,0.00,0.00,0,0
1652997888.434950,s2-eth2,65934.00,6030922.00,6096856.00,6030922,65934,999.00,1097.00,2096.00,1097,999,0.00,0.00,0,0
1652997888.435049,s1-eth1,6013348.00,65868.00,6079216.00,65868,6013348,1094.00,998.00,2092.00,998,1094,0.00,0.00,0,0
1652997888.435104,lo,0.00,0.00,0.00,0,0,0.00,0.00,0.00,0,0,0.00,0.00,0,0
1652997888.435124,s1-eth2,65934.00,6019206.00,6085140.00,6019206,65934,999.00,1095.00,2094.00,1095,999,0.00,0.00,0,0
1652997888.435144,eth0,0.00,0.00,0.00,0,0,0.00,0.00,0.00,0,0,0.00,0.00,0,0
1652997888.435162,s3-eth1,6019206.00,65868.00,6085074.00,65868,6019206,1095.00,998.00,2093.00,998,1095,0.00,0.00,0,0
1652997888.435181,total,18256868.00,18268584.00,36525452.00,18268584,18256868,6282.00,6284.00,12566.00,6284,6282,0.00,0.00,0,0
1652997889.435925,s2-eth1,5880040.00,63296.70,5943337.00,63360,5885920,1070.93,959.04,2029.97,960,1072,0.00,0.00,0,0
1652997889.436076,s3-eth2,63296.70,5898388.00,5961684.50,5904286,63360,959.04,1085.91,2044.96,1087,960,0.00,0.00,0,0
1652997889.436114,s2-eth2,63164.84,5897728.50,5960893.50,5903626,63228,957.04,1075.92,2032.97,1077,958,0.00,0.00,0,0
1652997889.436187,s1-eth1,5885892.50,63296.70,5949189.00,63360,5891778,1071.93,959.04,2030.97,960,1073,0.00,0.00,0,0
1652997889.436280,lo,0.00,0.00,0.00,0,0,0.00,0.00,0.00,0,0,0.00,0.00,0,0
1652997889.436300,s1-eth2,63296.70,5880040.00,5943337.00,5885920,63360,959.04,1070.93,2029.97,1072,960,0.00,0.00,0,0
1652997889.436387,eth0,0.00,0.00,0.00,0,0,0.00,0.00,0.00,0,0,0.00,0.00,0,0
1652997889.436407,s3-eth1,5897728.50,63164.84,5960893.50,63228,5903626,1075.92,957.04,2032.97,958,1077,0.00,0.00,0,0
1652997889.436428,total,17853420.00,17865914.00,35719332.00,17883780,17871272,6093.91,6107.89,12201.80,6114,6100,0.00,0.00,0,0
1652997890.436726,s2-eth1,5947804.00,70686.00,6018490.00,70686,5947804,1154.00,1071.00,2225.00,1071,1154,0.00,0.00,0,0
1652997890.436773,s3-eth2,70686.00,5941154.00,6011840.00,5941154,70686,1071.00,1141.00,2212.00,1141,1071,0.00,0.00,0,0
1652997890.436810,s2-eth2,70818.00,5931612.00,6002430.00,5931612,70818,1073.00,1150.00,2223.00,1150,1073,0.00,0.00,0,0
1652997890.436874,s1-eth1,5947804.00,70686.00,6018490.00,70686,5947804,1154.00,1071.00,2225.00,1071,1154,0.00,0.00,0,0
1652997890.436900,lo,0.00,0.00,0.00,0,0,0.00,0.00,0.00,0,0,0.00,0.00,0,0
1652997890.436919,s1-eth2,70686.00,5947804.00,6018490.00,5947804,70686,1071.00,1154.00,2225.00,1154,1071,0.00,0.00,0,0
1652997890.436940,eth0,0.00,0.00,0.00,0,0,0.00,0.00,0.00,0,0,0.00,0.00,0,0
1652997890.436960,s3-eth1,5931612.00,70818.00,6002430.00,70818,5931612,1150.00,1073.00,2223.00,1073,1150,0.00,0.00,0,0
1652997890.436979,total,18039410.00,18032760.00,36072168.00,18032760,18039410,6673.00,6660.00,13333.00,6660,6673,0.00,0.00,0,0
1652997891.437375,s2-eth1,5978266.00,65100.00,6043366.00,65100,5978266,1089.00,986.00,2075.00,986,1089,0.00,0.00,0,0
1652997891.437455,s3-eth2,65208.00,5978266.00,6043474.00,5978266,65208,988.00,1089.00,2077.00,1089,988,0.00,0.00,0,0
1652997891.437497,s2-eth2,65022.00,5982610.00,6047632.00,5982610,65022,985.00,1089.00,2074.00,1089,985,0.00,0.00,0,0
1652997891.437574,s1-eth1,5972408.00,64902.00,6037310.00,64902,5972408,1088.00,983.00,2071.00,983,1088,0.00,0.00,0,0
1652997891.437596,lo,516.00,516.00,1032.00,516,516,9.00,9.00,18.00,9,9,0.00,0.00,0,0
1652997891.437617,s1-eth2,65100.00,5978266.00,6043366.00,5978266,65100,986.00,1089.00,2075.00,1089,986,0.00,0.00,0,0
1652997891.437638,eth0,0.00,0.00,0.00,0,0,0.00,0.00,0.00,0,0,0.00,0.00,0,0
1652997891.437658,s3-eth1,5982610.00,65022.00,6047632.00,65022,5982610,1089.00,985.00,2074.00,985,1089,0.00,0.00,0,0
1652997891.437678,total,18129130.00,18134682.00,36263812.00,18134682,18129130,6234.00,6230.00,12464.00,6230,6234,0.00,0.00,0,0
1652997892.438072,s2-eth1,5838966.00,62886.00,5901852.00,62886,5838966,1063.00,953.00,2016.00,953,1063,0.00,0.00,0,0
1652997892.438239,s3-eth2,62778.00,5844824.00,5907602.00,5844824,62778,951.00,1064.00,2015.00,1064,951,0.00,0.00,0,0
1652997892.438284,s2-eth2,62964.00,5852196.00,5915160.00,5852196,62964,954.00,1066.00,2020.00,1066,954,0.00,0.00,0,0
1652997892.438408,s1-eth1,5844824.00,63150.00,5907974.00,63150,5844824,1064.00,957.00,2021.00,957,1064,0.00,0.00,0,0
1652997892.438480,lo,0.00,0.00,0.00,0,0,0.00,0.00,0.00,0,0,0.00,0.00,0,0
1652997892.438504,s1-eth2,62886.00,5844824.00,5907710.00,5844824,62886,953.00,1064.00,2017.00,1064,953,0.00,0.00,0,0
1652997892.438526,eth0,0.00,0.00,0.00,0,0,0.00,0.00,0.00,0,0,0.00,0.00,0,0
1652997892.438546,s3-eth1,5852196.00,62964.00,5915160.00,62964,5852196,1066.00,954.00,2020.00,954,1066,0.00,0.00,0,0
1652997892.438567,total,17724614.00,17730844.00,35455456.00,17730844,17724614,6051.00,6058.00,12109.00,6058,6051,0.00,0.00,0,0
1652997893.439260,s2-eth1,5989784.50,64949.05,6054733.50,65014,5995774,1089.91,984.02,2073.93,985,1091,0.00,0.00,0,0
1652997893.439321,s3-eth2,65018.98,5989784.50,6054803.50,5995774,65084,985.02,1089.91,2074.93,1091,986,0.00,0.00,0,0
1652997893.439385,s2-eth2,64953.05,5989784.50,6054737.50,5995774,65018,984.02,1089.91,2073.93,1091,985,0.00,0.00,0,0
1652997893.439537,s1-eth1,5989784.50,64813.19,6054597.50,64878,5995774,1089.91,982.02,2071.93,983,1091,0.00,0.00,0,0
1652997893.439568,lo,1012.99,1012.99,2025.97,1014,1014,8.99,8.99,17.98,9,9,0.00,0.00,0,0
1652997893.439937,s1-eth2,64949.05,5983932.00,6048881.50,5989916,65014,984.02,1088.91,2072.93,1090,985,0.00,0.00,0,0
1652997893.439987,eth0,0.00,0.00,0.00,0,0,0.00,0.00,0.00,0,0,0.00,0.00,0,0
1652997893.440007,s3-eth1,5989784.50,65018.98,6054803.50,65084,5995774,1089.91,985.02,2074.93,986,1091,0.00,0.00,0,0
1652997893.440027,total,18165288.00,18159296.00,36324580.00,18177454,18183452,6231.77,6228.77,12460.54,6235,6238,0.00,0.00,0,0
1652997894.442290,s2-eth1,5948638.00,65168.50,6013806.50,65364,5966484,1082.75,987.04,2069.79,990,1086,0.00,0.00,0,0
1652997894.442555,s3-eth2,65234.30,5960319.00,6025553.50,5978200,65430,988.04,1084.75,2072.78,1088,991,0.00,0.00,0,0
1652997894.444085,s2-eth2,65169.32,5954382.50,6019552.00,5978200,65430,987.05,1083.67,2070.72,1088,991,0.00,0.00,0,0
1652997894.444540,s1-eth1,5948457.50,65104.48,6013562.00,65430,5978200,1082.59,986.07,2068.66,991,1088,0.00,0.00,0,0
1652997894.444577,lo,0.00,0.00,0.00,0,0,0.00,0.00,0.00,0,0,0.00,0.00,0,0
1652997894.444690,s1-eth2,65235.06,5960217.50,6025452.50,5984058,65496,988.05,1084.66,2072.71,1089,992,0.00,0.00,0,0
1652997894.444725,eth0,0.00,0.00,0.00,0,0,0.00,0.00,0.00,0,0,0.00,0.00,0,0
1652997894.445431,s3-eth1,5960115.50,65170.15,6025285.50,65496,5989916,1084.58,987.06,2071.64,992,1090,0.00,0.00,0,0
1652997894.445467,total,18040752.00,18046516.00,36087268.00,18136748,18130956,6206.97,6206.97,12413.93,6238,6238,0.00,0.00,0,0
1652997895.445792,s2-eth1,5376287.00,58442.67,5434730.00,58618,5392416,1028.91,884.35,1913.26,887,1032,0.00,0.00,0,0
1652997895.445866,s3-eth2,58512.46,5383567.50,5442080.00,5399718,58688,885.34,1029.91,1915.25,1033,888,0.00,0.00,0,0
1652997895.445913,s2-eth2,58559.44,5351916.00,5410475.50,5357268,58618,886.11,1024.98,1911.09,1026,887,0.00,0.00,0,0
1652997895.446006,s1-eth1,5375325.00,58427.57,5433752.50,58486,5380700,1028.97,884.12,1913.09,885,1030,0.00,0.00,0,0
1652997895.446031,lo,2701.30,2701.30,5402.60,2704,2704,23.98,23.98,47.95,24,24,0.00,0.00,0,0
1652997895.446052,s1-eth2,58427.57,5370985.00,5429412.50,5376356,58486,884.12,1028.97,1913.09,1030,885,0.00,0.00,0,0
1652997895.446074,eth0,0.00,0.00,0.00,0,0,0.00,0.00,0.00,0,0,0.00,0.00,0,0
1652997895.446094,s3-eth1,5351410.00,58486.00,5409896.00,58486,5351410,1025.00,885.00,1910.00,885,1025,0.00,0.00,0,0
1652997895.446186,total,16303022.00,16311636.00,32614658.00,16311636,16303022,5771.00,5770.00,11541.00,5770,5771,0.00,0.00,0,0
1652997896.447366,s2-eth1,5206647.50,58663.34,5265311.00,58722,5211854,950.05,888.11,1838.16,889,951,0.00,0.00,0,0
1652997896.447518,s3-eth2,59982.02,4726376.00,4786358.00,4731102,60042,908.09,862.14,1770.23,863,909,0.00,0.00,0,0
1652997896.447617,s2-eth2,59322.68,5115840.50,5175163.00,5120956,59382,898.10,933.07,1831.17,934,899,0.00,0.00,0,0
1652997896.447756,s1-eth1,5272533.50,58069.93,5330603.50,58128,5277806,962.04,879.12,1841.16,880,963,0.00,0.00,0,0
1652997896.447814,lo,0.00,0.00,0.00,0,0,0.00,0.00,0.00,0,0,0.00,0.00,0,0
1652997896.447866,s1-eth2,58663.34,5205135.00,5263798.50,5210340,58722,888.11,949.05,1837.16,950,889,0.00,0.00,0,0
1652997896.447922,eth0,0.00,0.00,0.00,0,0,0.00,0.00,0.00,0,0,0.00,0.00,0,0
1652997896.448079,s3-eth1,5109988.00,59322.68,5169311.00,59382,5115098,932.07,898.10,1830.17,899,933,0.00,0.00,0,0
1652997896.448131,total,15767137.00,15223407.00,30990544.00,15238630,15782904,5538.46,5409.59,10948.05,5415,5544,0.00,0.00,0,0
1652997897.449566,s2-eth1,0.00,0.00,0.00,0,0,0.00,0.00,0.00,0,0,0.00,0.00,0,0
1652997897.449672,s3-eth2,0.00,0.00,0.00,0,0,0.00,0.00,0.00,0,0,0.00,0.00,0,0
1652997897.449735,s2-eth2,0.00,0.00,0.00,0,0,0.00,0.00,0.00,0,0,0.00,0.00,0,0
1652997897.449834,s1-eth1,0.00,0.00,0.00,0,0,0.00,0.00,0.00,0,0,0.00,0.00,0,0
1652997897.449870,lo,0.00,0.00,0.00,0,0,0.00,0.00,0.00,0,0,0.00,0.00,0,0
1652997897.449904,s1-eth2,0.00,0.00,0.00,0,0,0.00,0.00,0.00,0,0,0.00,0.00,0,0
1652997897.449938,eth0,0.00,0.00,0.00,0,0,0.00,0.00,0.00,0,0,0.00,0.00,0,0
1652997897.449973,s3-eth1,0.00,0.00,0.00,0,0,0.00,0.00,0.00,0,0,0.00,0.00,0,0
1652997897.450022,total,0.00,0.00,0.00,0,0,0.00,0.00,0.00,0,0,0.00,0.00,0,0
1652997898.451555,s2-eth1,359.64,179.82,539.46,180,360,2.00,1.00,3.00,1,2,0.00,0.00,0,0
1652997898.451676,s3-eth2,359.28,0.00,359.28,0,360,2.00,0.00,2.00,0,2,0.00,0.00,0,0
1652997898.451739,s2-eth2,359.28,179.64,538.92,180,360,2.00,1.00,2.99,1,2,0.00,0.00,0,0
1652997898.451833,s1-eth1,538.92,0.00,538.92,0,540,2.99,0.00,2.99,0,3,0.00,0.00,0,0
1652997898.451863,lo,3344.66,3344.66,6689.31,3348,3348,17.98,17.98,35.96,18,18,0.00,0.00,0,0
1652997898.451894,s1-eth2,179.82,359.64,539.46,360,180,1.00,2.00,3.00,2,1,0.00,0.00,0,0
1652997898.451923,eth0,0.00,0.00,0.00,0,0,0.00,0.00,0.00,0,0,0.00,0.00,0,0
1652997898.451951,s3-eth1,179.82,359.64,539.46,360,180,1.00,2.00,3.00,2,1,0.00,0.00,0,0
1652997898.451978,total,5322.68,4423.58,9746.25,4428,5328,28.97,23.98,52.95,24,29,0.00,0.00,0,0
1652997899.452750,s2-eth1,69.93,0.00,69.93,0,70,1.00,0.00,1.00,0,1,0.00,0.00,0,0
1652997899.452924,s3-eth2,179.82,0.00,179.82,0,180,1.00,0.00,1.00,0,1,0.00,0.00,0,0
1652997899.452992,s2-eth2,0.00,0.00,0.00,0,0,0.00,0.00,0.00,0,0,0.00,0.00,0,0
1652997899.453105,s1-eth1,69.93,0.00,69.93,0,70,1.00,0.00,1.00,0,1,0.00,0.00,0,0
1652997899.453160,lo,337.66,337.66,675.32,338,338,3.00,3.00,5.99,3,3,0.00,0.00,0,0
1652997899.453259,s1-eth2,0.00,69.93,69.93,70,0,0.00,1.00,1.00,1,0,0.00,0.00,0,0
1652997899.453300,eth0,0.00,0.00,0.00,0,0,0.00,0.00,0.00,0,0,0.00,0.00,0,0
1652997899.453340,s3-eth1,0.00,0.00,0.00,0,0,0.00,0.00,0.00,0,0,0.00,0.00,0,0
1652997899.453389,total,657.34,407.59,1064.94,408,658,5.99,4.00,9.99,4,6,0.00,0.00,0,0
1652997900.455166,s2-eth1,0.00,0.00,0.00,0,0,0.00,0.00,0.00,0,0,0.00,0.00,0,0
1652997900.455336,s3-eth2,0.00,0.00,0.00,0,0,0.00,0.00,0.00,0,0,0.00,0.00,0,0
1652997900.455421,s2-eth2,0.00,0.00,0.00,0,0,0.00,0.00,0.00,0,0,0.00,0.00,0,0
1652997900.455551,s1-eth1,0.00,0.00,0.00,0,0,0.00,0.00,0.00,0,0,0.00,0.00,0,0
1652997900.455598,lo,0.00,0.00,0.00,0,0,0.00,0.00,0.00,0,0,0.00,0.00,0,0
1652997900.455644,s1-eth2,0.00,0.00,0.00,0,0,0.00,0.00,0.00,0,0,0.00,0.00,0,0
1652997900.455689,eth0,0.00,0.00,0.00,0,0,0.00,0.00,0.00,0,0,0.00,0.00,0,0
1652997900.455750,s3-eth1,0.00,0.00,0.00,0,0,0.00,0.00,0.00,0,0,0.00,0.00,0,0
1652997900.455801,total,0.00,0.00,0.00,0,0,0.00,0.00,0.00,0,0,0.00,0.00,0,0
1652997901.456814,s2-eth1,0.00,0.00,0.00,0,0,0.00,0.00,0.00,0,0,0.00,0.00,0,0
1652997901.456969,s3-eth2,0.00,0.00,0.00,0,0,0.00,0.00,0.00,0,0,0.00,0.00,0,0
1652997901.457032,s2-eth2,0.00,0.00,0.00,0,0,0.00,0.00,0.00,0,0,0.00,0.00,0,0
1652997901.457135,s1-eth1,0.00,0.00,0.00,0,0,0.00,0.00,0.00,0,0,0.00,0.00,0,0
1652997901.457172,lo,0.00,0.00,0.00,0,0,0.00,0.00,0.00,0,0,0.00,0.00,0,0
1652997901.457213,s1-eth2,0.00,0.00,0.00,0,0,0.00,0.00,0.00,0,0,0.00,0.00,0,0
1652997901.457409,eth0,0.00,0.00,0.00,0,0,0.00,0.00,0.00,0,0,0.00,0.00,0,0
1652997901.457452,s3-eth1,0.00,0.00,0.00,0,0,0.00,0.00,0.00,0,0,0.00,0.00,0,0
1652997901.457486,total,0.00,0.00,0.00,0,0,0.00,0.00,0.00,0,0,0.00,0.00,0,0
1652997902.459536,s2-eth1,0.00,0.00,0.00,0,0,0.00,0.00,0.00,0,0,0.00,0.00,0,0
1652997902.459817,s3-eth2,0.00,0.00,0.00,0,0,0.00,0.00,0.00,0,0,0.00,0.00,0,0
1652997902.459902,s2-eth2,0.00,0.00,0.00,0,0,0.00,0.00,0.00,0,0,0.00,0.00,0,0
1652997902.460063,s1-eth1,0.00,0.00,0.00,0,0,0.00,0.00,0.00,0,0,0.00,0.00,0,0
1652997902.460140,lo,0.00,0.00,0.00,0,0,0.00,0.00,0.00,0,0,0.00,0.00,0,0
1652997902.460270,s1-eth2,0.00,0.00,0.00,0,0,0.00,0.00,0.00,0,0,0.00,0.00,0,0
1652997902.460332,eth0,0.00,0.00,0.00,0,0,0.00,0.00,0.00,0,0,0.00,0.00,0,0
1652997902.460392,s3-eth1,0.00,0.00,0.00,0,0,0.00,0.00,0.00,0,0,0.00,0.00,0,0
1652997902.460447,total,0.00,0.00,0.00,0,0,0.00,0.00,0.00,0,0,0.00,0.00,0,0
1652997903.461709,s2-eth1,0.00,0.00,0.00,0,0,0.00,0.00,0.00,0,0,0.00,0.00,0,0
1652997903.461913,s3-eth2,0.00,0.00,0.00,0,0,0.00,0.00,0.00,0,0,0.00,0.00,0,0
1652997903.461999,s2-eth2,0.00,0.00,0.00,0,0,0.00,0.00,0.00,0,0,0.00,0.00,0,0
1652997903.462137,s1-eth1,69.86,0.00,69.86,0,70,1.00,0.00,1.00,0,1,0.00,0.00,0,0
1652997903.462188,lo,343.31,343.31,686.63,344,344,5.99,5.99,11.98,6,6,0.00,0.00,0,0
1652997903.462237,s1-eth2,0.00,0.00,0.00,0,0,0.00,0.00,0.00,0,0,0.00,0.00,0,0
1652997903.462502,eth0,0.00,0.00,0.00,0,0,0.00,0.00,0.00,0,0,0.00,0.00,0,0
1652997903.462549,s3-eth1,0.00,0.00,0.00,0,0,0.00,0.00,0.00,0,0,0.00,0.00,0,0
1652997903.462591,total,413.17,343.31,756.49,344,414,6.99,5.99,12.97,6,7,0.00,0.00,0,0
1652997904.463614,s2-eth1,0.00,0.00,0.00,0,0,0.00,0.00,0.00,0,0,0.00,0.00,0,0
1652997904.463879,s3-eth2,0.00,0.00,0.00,0,0,0.00,0.00,0.00,0,0,0.00,0.00,0,0
1652997904.463987,s2-eth2,0.00,0.00,0.00,0,0,0.00,0.00,0.00,0,0,0.00,0.00,0,0
1652997904.464148,s1-eth1,0.00,0.00,0.00,0,0,0.00,0.00,0.00,0,0,0.00,0.00,0,0
1652997904.464209,lo,171.66,171.66,343.31,172,172,2.99,2.99,5.99,3,3,0.00,0.00,0,0
1652997904.464272,s1-eth2,0.00,0.00,0.00,0,0,0.00,0.00,0.00,0,0,0.00,0.00,0,0
1652997904.464331,eth0,0.00,473.53,473.53,474,0,0.00,1.00,1.00,1,0,0.00,0.00,0,0
1652997904.464393,s3-eth1,0.00,0.00,0.00,0,0,0.00,0.00,0.00,0,0,0.00,0.00,0,0
1652997904.464447,total,171.83,645.35,817.18,646,172,3.00,4.00,6.99,4,3,0.00,0.00,0,0
1652997905.465112,lo,468.00,468.00,936.00,468,468,9.00,9.00,18.00,9,9,0.00,0.00,0,0
1652997905.465297,eth0,0.00,0.00,0.00,0,0,0.00,0.00,0.00,0,0,0.00,0.00,0,0
1652997905.465336,total,18446744073709551616.00,18446744073709551616.00,18446744073709551616.00,18446744072606548853,18446744072606528431,18446744073709170688.00,18446744073709170688.00,18446744073708791808.00,18446744073709171533,18446744073709171388,0.00,0.00,0,0
