1652997528.971763,s2-eth1,0.00,0.00,0.00,0,0,0.00,0.00,0.00,0,0,0.00,0.00,0,0
1652997528.971808,s3-eth2,0.00,0.00,0.00,0,0,0.00,0.00,0.00,0,0,0.00,0.00,0,0
1652997528.971850,s2-eth2,0.00,0.00,0.00,0,0,0.00,0.00,0.00,0,0,0.00,0.00,0,0
1652997528.971913,s1-eth1,0.00,0.00,0.00,0,0,0.00,0.00,0.00,0,0,0.00,0.00,0,0
1652997528.971935,lo,0.00,0.00,0.00,0,0,0.00,0.00,0.00,0,0,0.00,0.00,0,0
1652997528.971956,s1-eth2,0.00,0.00,0.00,0,0,0.00,0.00,0.00,0,0,0.00,0.00,0,0
1652997528.971981,eth0,0.00,0.00,0.00,0,0,0.00,0.00,0.00,0,0,0.00,0.00,0,0
1652997528.972005,s3-eth1,0.00,0.00,0.00,0,0,0.00,0.00,0.00,0,0,0.00,0.00,0,0
1652997528.972025,total,0.00,0.00,0.00,0,0,0.00,0.00,0.00,0,0,0.00,0.00,0,0
1652997529.972335,s2-eth1,1220289.00,27613.00,1247902.00,27613,1220289,437.00,409.00,846.00,409,437,0.00,0.00,0,0
1652997529.972369,s3-eth2,29828.00,1219650.00,1249478.00,1219650,29828,425.00,423.00,848.00,423,425,0.00,0.00,0,0
1652997529.972409,s2-eth2,28948.00,1220747.00,1249695.00,1220747,28948,419.00,430.00,849.00,430,419,0.00,0.00,0,0
1652997529.972472,s1-eth1,1218383.00,26782.00,1245165.00,26782,1218383,444.00,405.00,849.00,405,444,0.00,0.00,0,0
1652997529.972495,lo,26360.00,26360.00,52720.00,26360,26360,165.00,165.00,330.00,165,165,0.00,0.00,0,0
1652997529.972517,s1-eth2,27613.00,1217327.00,1244940.00,1217327,27613,409.00,436.00,845.00,436,409,0.00,0.00,0,0
1652997529.972540,eth0,0.00,0.00,0.00,0,0,0.00,0.00,0.00,0,0,0.00,0.00,0,0
1652997529.972561,s3-eth1,1217785.00,28948.00,1246733.00,28948,1217785,429.00,419.00,848.00,419,429,0.00,0.00,0,0
1652997529.972582,total,3769206.00,3767427.00,7536633.00,3767427,3769206,2728.00,2687.00,5415.00,2687,2728,0.00,0.00,0,0
1652997530.973010,s2-eth1,1223247.00,27195.00,1250442.00,27195,1223247,426.00,410.00,836.00,410,426,0.00,0.00,0,0
1652997530.973047,s3-eth2,28280.00,1223900.00,1252180.00,1223900,28280,416.00,422.00,838.00,422,416,0.00,0.00,0,0
1652997530.973092,s2-eth2,27510.00,1224101.00,1251611.00,1224101,27510,411.00,423.00,834.00,423,411,0.00,0.00,0,0
1652997530.973159,s1-eth1,1223841.00,26994.00,1250835.00,26994,1223841,429.00,409.00,838.00,409,429,0.00,0.00,0,0
1652997530.973186,lo,5340.00,5340.00,10680.00,5340,5340,27.00,27.00,54.00,27,27,0.00,0.00,0,0
1652997530.973211,s1-eth2,27195.00,1223247.00,1250442.00,1223247,27195,410.00,426.00,836.00,426,410,0.00,0.00,0,0
1652997530.973237,eth0,0.00,0.00,0.00,0,0,0.00,0.00,0.00,0,0,0.00,0.00,0,0
1652997530.973261,s3-eth1,1224101.00,27510.00,1251611.00,27510,1224101,423.00,411.00,834.00,411,423,0.00,0.00,0,0
1652997530.973285,total,3759514.00,3758287.00,7517801.00,3758287,3759514,2542.00,2528.00,5070.00,2528,2542,0.00,0.00,0,0
1652997531.973620,s2-eth1,1221319.00,26976.00,1248295.00,26976,1221319,423.00,407.00,830.00,407,423,0.00,0.00,0,0
1652997531.973659,s3-eth2,27378.00,1220938.00,1248316.00,1220938,27378,409.00,421.00,830.00,421,409,0.00,0.00,0,0
1652997531.973703,s2-eth2,27177.00,1221118.00,1248295.00,1221118,27177,408.00,422.00,830.00,422,408,0.00,0.00,0,0
1652997531.973773,s1-eth1,1221520.00,26730.00,1248250.00,26730,1221520,424.00,405.00,829.00,405,424,0.00,0.00,0,0
1652997531.973799,lo,3432.00,3432.00,6864.00,3432,3432,18.00,18.00,36.00,18,18,0.00,0.00,0,0
1652997531.973825,s1-eth2,26976.00,1221319.00,1248295.00,1221319,26976,407.00,423.00,830.00,423,407,0.00,0.00,0,0
1652997531.973850,eth0,0.00,0.00,0.00,0,0,0.00,0.00,0.00,0,0,0.00,0.00,0,0
1652997531.973875,s3-eth1,1221118.00,27177.00,1248295.00,27177,1221118,422.00,408.00,830.00,408,422,0.00,0.00,0,0
1652997531.973899,total,3748920.00,3747690.00,7496610.00,3747690,3748920,2511.00,2504.00,5015.00,2504,2511,0.00,0.00,0,0
1652997532.974486,s2-eth1,1224281.00,27199.00,1251480.00,27199,1224281,424.00,410.00,834.00,410,424,0.00,0.00,0,0
1652997532.974523,s3-eth2,27559.00,1225484.00,1253043.00,1225484,27559,412.00,424.00,836.00,424,412,0.00,0.00,0,0
1652997532.974560,s2-eth2,27379.00,1222653.00,1250032.00,1222653,27379,411.00,423.00,834.00,423,411,0.00,0.00,0,0
1652997532.974688,s1-eth1,1224461.00,26998.00,1251459.00,26998,1224461,425.00,409.00,834.00,409,425,0.00,0.00,0,0
1652997532.974709,lo,4576.00,4576.00,9152.00,4576,4576,28.00,28.00,56.00,28,28,0.00,0.00,0,0
1652997532.974737,s1-eth2,27199.00,1224281.00,1251480.00,1224281,27199,410.00,424.00,834.00,424,410,0.00,0.00,0,0
1652997532.974758,eth0,0.00,0.00,0.00,0,0,0.00,0.00,0.00,0,0,0.00,0.00,0,0
1652997532.974777,s3-eth1,1225615.00,27379.00,1252994.00,27379,1225615,424.00,411.00,835.00,411,424,0.00,0.00,0,0
1652997532.974796,total,3761070.00,3758570.00,7519640.00,3758570,3761070,2534.00,2529.00,5063.00,2529,2534,0.00,0.00,0,0
1652997533.975042,s2-eth1,1222863.00,26866.00,1249729.00,26866,1222863,426.00,407.00,833.00,407,426,0.00,0.00,0,0
1652997533.975077,s3-eth2,27408.00,1223900.00,1251308.00,1223900,27408,411.00,422.00,833.00,422,411,0.00,0.00,0,0
1652997533.975114,s2-eth2,27203.00,1224040.00,1251243.00,1224040,27203,410.00,424.00,834.00,424,410,0.00,0.00,0,0
1652997533.975249,s1-eth1,1223134.00,26862.00,1249996.00,26862,1223134,428.00,407.00,835.00,407,428,0.00,0.00,0,0
1652997533.975272,lo,4456.00,4456.00,8912.00,4456,4456,37.00,37.00,74.00,37,37,0.00,0.00,0,0
1652997533.975293,s1-eth2,26866.00,1222863.00,1249729.00,1222863,26866,407.00,426.00,833.00,426,407,0.00,0.00,0,0
1652997533.975313,eth0,0.00,0.00,0.00,0,0,0.00,0.00,0.00,0,0,0.00,0.00,0,0
1652997533.975333,s3-eth1,1224040.00,27203.00,1251243.00,27203,1224040,424.00,410.00,834.00,410,424,0.00,0.00,0,0
1652997533.975352,total,3755970.00,3756190.00,7512160.00,3756190,3755970,2543.00,2533.00,5076.00,2533,2543,0.00,0.00,0,0
1652997534.975800,s2-eth1,1220938.00,26862.00,1247800.00,26862,1220938,421.00,407.00,828.00,407,421,0.00,0.00,0,0
1652997534.975834,s3-eth2,26862.00,1223900.00,1250762.00,1223900,26862,407.00,422.00,829.00,422,407,0.00,0.00,0,0
1652997534.975879,s2-eth2,26862.00,1223900.00,1250762.00,1223900,26862,407.00,422.00,829.00,422,407,0.00,0.00,0,0
1652997534.975941,s1-eth1,1220938.00,26862.00,1247800.00,26862,1220938,421.00,407.00,828.00,407,421,0.00,0.00,0,0
1652997534.975964,lo,0.00,0.00,0.00,0,0,0.00,0.00,0.00,0,0,0.00,0.00,0,0
1652997534.975984,s1-eth2,26862.00,1220938.00,1247800.00,1220938,26862,407.00,421.00,828.00,421,407,0.00,0.00,0,0
1652997534.976006,eth0,0.00,0.00,0.00,0,0,0.00,0.00,0.00,0,0,0.00,0.00,0,0
1652997534.976027,s3-eth1,1220938.00,26862.00,1247800.00,26862,1220938,421.00,407.00,828.00,407,421,0.00,0.00,0,0
1652997534.976047,total,3743400.00,3749324.00,7492724.00,3749324,3743400,2484.00,2486.00,4970.00,2486,2484,0.00,0.00,0,0
1652997535.976396,s2-eth1,1224080.00,27042.00,1251122.00,27042,1224080,423.00,408.00,831.00,408,423,0.00,0.00,0,0
1652997535.976431,s3-eth2,27042.00,1222452.00,1249494.00,1222452,27042,408.00,422.00,830.00,422,408,0.00,0.00,0,0
1652997535.976475,s2-eth2,27042.00,1225594.00,1252636.00,1225594,27042,408.00,424.00,832.00,424,408,0.00,0.00,0,0
1652997535.976564,s1-eth1,1224080.00,26862.00,1250942.00,26862,1224080,423.00,407.00,830.00,407,423,0.00,0.00,0,0
1652997535.976592,lo,2232.00,2232.00,4464.00,2232,2232,12.00,12.00,24.00,12,12,0.00,0.00,0,0
1652997535.976614,s1-eth2,27042.00,1224080.00,1251122.00,1224080,27042,408.00,423.00,831.00,423,408,0.00,0.00,0,0
1652997535.976637,eth0,0.00,0.00,0.00,0,0,0.00,0.00,0.00,0,0,0.00,0.00,0,0
1652997535.976658,s3-eth1,1225594.00,27042.00,1252636.00,27042,1225594,424.00,408.00,832.00,408,424,0.00,0.00,0,0
1652997535.976688,total,3757112.00,3755304.00,7512416.00,3755304,3757112,2506.00,2504.00,5010.00,2504,2506,0.00,0.00,0,0
1652997536.977158,s2-eth1,1225594.00,26928.00,1252522.00,26928,1225594,424.00,408.00,832.00,408,424,0.00,0.00,0,0
1652997536.977190,s3-eth2,27288.00,1223900.00,1251188.00,1223900,27288,410.00,422.00,832.00,422,410,0.00,0.00,0,0
1652997536.977229,s2-eth2,27042.00,1223900.00,1250942.00,1223900,27042,408.00,422.00,830.00,422,408,0.00,0.00,0,0
1652997536.977288,s1-eth1,1225774.00,26862.00,1252636.00,26862,1225774,425.00,407.00,832.00,407,425,0.00,0.00,0,0
1652997536.977311,lo,1116.00,1116.00,2232.00,1116,1116,6.00,6.00,12.00,6,6,0.00,0.00,0,0
1652997536.977332,s1-eth2,26928.00,1225594.00,1252522.00,1225594,26928,408.00,424.00,832.00,424,408,0.00,0.00,0,0
1652997536.977354,eth0,0.00,0.00,0.00,0,0,0.00,0.00,0.00,0,0,0.00,0.00,0,0
1652997536.977386,s3-eth1,1223900.00,27042.00,1250942.00,27042,1223900,422.00,408.00,830.00,408,422,0.00,0.00,0,0
1652997536.977406,total,3757642.00,3755342.00,7512984.00,3755342,3757642,2503.00,2497.00,5000.00,2497,2503,0.00,0.00,0,0
1652997537.977745,s2-eth1,1227398.00,25674.00,1253072.00,25674,1227398,475.00,389.00,864.00,389,475,0.00,0.00,0,0
1652997537.977776,s3-eth2,25674.00,1227398.00,1253072.00,1227398,25674,389.00,475.00,864.00,475,389,0.00,0.00,0,0
1652997537.977815,s2-eth2,25674.00,1227398.00,1253072.00,1227398,25674,389.00,475.00,864.00,475,389,0.00,0.00,0,0
1652997537.977880,s1-eth1,1227398.00,25674.00,1253072.00,25674,1227398,475.00,389.00,864.00,389,475,0.00,0.00,0,0
1652997537.977903,lo,0.00,0.00,0.00,0,0,0.00,0.00,0.00,0,0,0.00,0.00,0,0
1652997537.977924,s1-eth2,25674.00,1227398.00,1253072.00,1227398,25674,389.00,475.00,864.00,475,389,0.00,0.00,0,0
1652997537.977957,eth0,0.00,0.00,0.00,0,0,0.00,0.00,0.00,0,0,0.00,0.00,0,0
1652997537.977979,s3-eth1,1227398.00,25674.00,1253072.00,25674,1227398,475.00,389.00,864.00,389,475,0.00,0.00,0,0
1652997537.977999,total,3759216.00,3759216.00,7518432.00,3759216,3759216,2592.00,2592.00,5184.00,2592,2592,0.00,0.00,0,0
1652997538.978284,s2-eth1,1222452.00,26664.00,1249116.00,26664,1222452,422.00,404.00,826.00,404,422,0.00,0.00,0,0
1652997538.978317,s3-eth2,26664.00,1225414.00,1252078.00,1225414,26664,404.00,423.00,827.00,423,404,0.00,0.00,0,0
1652997538.978356,s2-eth2,26664.00,1222452.00,1249116.00,1222452,26664,404.00,422.00,826.00,422,404,0.00,0.00,0,0
1652997538.978416,s1-eth1,1223900.00,26664.00,1250564.00,26664,1223900,422.00,404.00,826.00,404,422,0.00,0.00,0,0
1652997538.978438,lo,0.00,0.00,0.00,0,0,0.00,0.00,0.00,0,0,0.00,0.00,0,0
1652997538.978459,s1-eth2,26664.00,1222452.00,1249116.00,1222452,26664,404.00,422.00,826.00,422,404,0.00,0.00,0,0
1652997538.978481,eth0,0.00,0.00,0.00,0,0,0.00,0.00,0.00,0,0,0.00,0.00,0,0
1652997538.978502,s3-eth1,1222452.00,26664.00,1249116.00,26664,1222452,422.00,404.00,826.00,404,422,0.00,0.00,0,0
1652997538.978522,total,3748796.00,3750310.00,7499106.00,3750310,3748796,2478.00,2479.00,4957.00,2479,2478,0.00,0.00,0,0
1652997539.978870,s2-eth1,1223900.00,26668.00,1250568.00,26668,1223900,422.00,404.00,826.00,404,422,0.00,0.00,0,0
1652997539.978919,s3-eth2,26668.00,1223900.00,1250568.00,1223900,26668,404.00,422.00,826.00,422,404,0.00,0.00,0,0
1652997539.978959,s2-eth2,26734.00,1223900.00,1250634.00,1223900,26734,405.00,422.00,827.00,422,405,0.00,0.00,0,0
1652997539.979033,s1-eth1,1222452.00,26664.00,1249116.00,26664,1222452,422.00,404.00,826.00,404,422,0.00,0.00,0,0
1652997539.979056,lo,676.00,676.00,1352.00,676,676,6.00,6.00,12.00,6,6,0.00,0.00,0,0
1652997539.979078,s1-eth2,26668.00,1223900.00,1250568.00,1223900,26668,404.00,422.00,826.00,422,404,0.00,0.00,0,0
1652997539.979100,eth0,0.00,0.00,0.00,0,0,0.00,0.00,0.00,0,0,0.00,0.00,0,0
1652997539.979121,s3-eth1,1226862.00,26734.00,1253596.00,26734,1226862,423.00,405.00,828.00,405,423,0.00,0.00,0,0
1652997539.979141,total,3753960.00,3752442.00,7506402.00,3752442,3753960,2486.00,2485.00,4971.00,2485,2486,0.00,0.00,0,0
1652997540.979456,s2-eth1,1225484.00,26668.00,1252152.00,26668,1225484,424.00,404.00,828.00,404,424,0.00,0.00,0,0
1652997540.979518,s3-eth2,26668.00,1222522.00,1249190.00,1222522,26668,404.00,423.00,827.00,423,404,0.00,0.00,0,0
1652997540.979557,s2-eth2,26602.00,1225484.00,1252086.00,1225484,26602,403.00,424.00,827.00,424,403,0.00,0.00,0,0
1652997540.979622,s1-eth1,1225484.00,26602.00,1252086.00,26602,1225484,424.00,403.00,827.00,403,424,0.00,0.00,0,0
1652997540.979645,lo,2028.00,2028.00,4056.00,2028,2028,18.00,18.00,36.00,18,18,0.00,0.00,0,0
1652997540.979667,s1-eth2,26668.00,1225484.00,1252152.00,1225484,26668,404.00,424.00,828.00,424,404,0.00,0.00,0,0
1652997540.979689,eth0,0.00,0.00,0.00,0,0,0.00,0.00,0.00,0,0,0.00,0.00,0,0
1652997540.979710,s3-eth1,1222522.00,26602.00,1249124.00,26602,1222522,423.00,403.00,826.00,403,423,0.00,0.00,0,0
1652997540.979731,total,3755456.00,3755390.00,7510846.00,3755390,3755456,2500.00,2499.00,4999.00,2499,2500,0.00,0.00,0,0
1652997541.980027,s2-eth1,1223970.00,26664.00,1250634.00,26664,1223970,423.00,404.00,827.00,404,423,0.00,0.00,0,0
1652997541.980093,s3-eth2,26734.00,1223900.00,1250634.00,1223900,26734,405.00,422.00,827.00,422,405,0.00,0.00,0,0
1652997541.980182,s2-eth2,26800.00,1223970.00,1250770.00,1223970,26800,406.00,423.00,829.00,423,406,0.00,0.00,0,0
1652997541.980309,s1-eth1,1223970.00,26664.00,1250634.00,26664,1223970,423.00,404.00,827.00,404,423,0.00,0.00,0,0
1652997541.980332,lo,1014.00,1014.00,2028.00,1014,1014,9.00,9.00,18.00,9,9,0.00,0.00,0,0
1652997541.980354,s1-eth2,26664.00,1223970.00,1250634.00,1223970,26664,404.00,423.00,827.00,423,404,0.00,0.00,0,0
1652997541.980377,eth0,0.00,0.00,0.00,0,0,0.00,0.00,0.00,0,0,0.00,0.00,0,0
1652997541.980399,s3-eth1,1223970.00,26800.00,1250770.00,26800,1223970,423.00,406.00,829.00,406,423,0.00,0.00,0,0
1652997541.980420,total,3753122.00,3752982.00,7506104.00,3752982,3753122,2493.00,2491.00,4984.00,2491,2493,0.00,0.00,0,0
1652997542.980851,s2-eth1,1223970.00,26664.00,1250634.00,26664,1223970,423.00,404.00,827.00,404,423,0.00,0.00,0,0
1652997542.980920,s3-eth2,26734.00,1226862.00,1253596.00,1226862,26734,405.00,423.00,828.00,423,405,0.00,0.00,0,0
1652997542.980959,s2-eth2,26598.00,1223900.00,1250498.00,1223900,26598,403.00,422.00,825.00,422,403,0.00,0.00,0,0
1652997542.981024,s1-eth1,1224040.00,26664.00,1250704.00,26664,1224040,424.00,404.00,828.00,404,424,0.00,0.00,0,0
1652997542.981047,lo,338.00,338.00,676.00,338,338,3.00,3.00,6.00,3,3,0.00,0.00,0,0
1652997542.981068,s1-eth2,26664.00,1223970.00,1250634.00,1223970,26664,404.00,423.00,827.00,423,404,0.00,0.00,0,0
1652997542.981090,eth0,0.00,0.00,0.00,0,0,0.00,0.00,0.00,0,0,0.00,0.00,0,0
1652997542.981111,s3-eth1,1223900.00,26598.00,1250498.00,26598,1223900,422.00,403.00,825.00,403,422,0.00,0.00,0,0
1652997542.981132,total,3752244.00,3754996.00,7507240.00,3754996,3752244,2484.00,2482.00,4966.00,2482,2484,0.00,0.00,0,0
1652997543.981433,s2-eth1,1225400.00,26448.00,1251848.00,26448,1225400,443.00,399.00,842.00,399,443,0.00,0.00,0,0
1652997543.981484,s3-eth2,26448.00,1223838.00,1250286.00,1223838,26448,399.00,443.00,842.00,443,399,0.00,0.00,0,0
1652997543.981533,s2-eth2,26448.00,1225466.00,1251914.00,1225466,26448,399.00,444.00,843.00,444,399,0.00,0.00,0,0
1652997543.981598,s1-eth1,1223886.00,26268.00,1250154.00,26268,1223886,442.00,398.00,840.00,398,442,0.00,0.00,0,0
1652997543.981621,lo,2232.00,2232.00,4464.00,2232,2232,12.00,12.00,24.00,12,12,0.00,0.00,0,0
1652997543.981643,s1-eth2,26448.00,1225400.00,1251848.00,1225400,26448,399.00,443.00,842.00,443,399,0.00,0.00,0,0
1652997543.981666,eth0,0.00,474.00,474.00,474,0,0.00,1.00,1.00,1,0,0.00,0.00,0,0
1652997543.981688,s3-eth1,1225466.00,26448.00,1251914.00,26448,1225466,444.00,399.00,843.00,399,444,0.00,0.00,0,0
1652997543.981783,total,3756328.00,3756574.00,7512902.00,3756574,3756328,2538.00,2539.00,5077.00,2539,2538,0.00,0.00,0,0
1652997544.982077,s2-eth1,1224678.00,26004.00,1250682.00,26004,1224678,454.00,394.00,848.00,394,454,0.00,0.00,0,0
1652997544.982243,s3-eth2,26364.00,1225880.00,1252244.00,1225880,26364,396.00,452.00,848.00,452,396,0.00,0.00,0,0
1652997544.982295,s2-eth2,26250.00,1224432.00,1250682.00,1224432,26250,396.00,452.00,848.00,452,396,0.00,0.00,0,0
1652997544.982370,s1-eth1,1226372.00,26070.00,1252442.00,26070,1226372,456.00,395.00,851.00,395,456,0.00,0.00,0,0
1652997544.982396,lo,1116.00,1116.00,2232.00,1116,1116,6.00,6.00,12.00,6,6,0.00,0.00,0,0
1652997544.982421,s1-eth2,26004.00,1227640.00,1253644.00,1227640,26004,394.00,455.00,849.00,455,394,0.00,0.00,0,0
1652997544.982447,eth0,0.00,0.00,0.00,0,0,0.00,0.00,0.00,0,0,0.00,0.00,0,0
1652997544.982471,s3-eth1,1227394.00,26250.00,1253644.00,26250,1227394,453.00,396.00,849.00,396,453,0.00,0.00,0,0
1652997544.982501,total,3758178.00,3757392.00,7515570.00,3757392,3758178,2555.00,2550.00,5105.00,2550,2555,0.00,0.00,0,0
1652997545.982857,s2-eth1,1223900.00,26664.00,1250564.00,26664,1223900,422.00,404.00,826.00,404,422,0.00,0.00,0,0
1652997545.982925,s3-eth2,26664.00,1223900.00,1250564.00,1223900,26664,404.00,422.00,826.00,422,404,0.00,0.00,0,0
1652997545.982993,s2-eth2,26664.00,1226862.00,1253526.00,1226862,26664,404.00,423.00,827.00,423,404,0.00,0.00,0,0
1652997545.983078,s1-eth1,1223900.00,26664.00,1250564.00,26664,1223900,422.00,404.00,826.00,404,422,0.00,0.00,0,0
1652997545.983109,lo,0.00,0.00,0.00,0,0,0.00,0.00,0.00,0,0,0.00,0.00,0,0
1652997545.983137,s1-eth2,26664.00,1223900.00,1250564.00,1223900,26664,404.00,422.00,826.00,422,404,0.00,0.00,0,0
1652997545.983167,eth0,0.00,0.00,0.00,0,0,0.00,0.00,0.00,0,0,0.00,0.00,0,0
1652997545.983195,s3-eth1,1223900.00,26664.00,1250564.00,26664,1223900,422.00,404.00,826.00,404,422,0.00,0.00,0,0
1652997545.983222,total,3751692.00,3754654.00,7506346.00,3754654,3751692,2478.00,2479.00,4957.00,2479,2478,0.00,0.00,0,0
1652997546.983575,s2-eth1,1226862.00,26664.00,1253526.00,26664,1226862,423.00,404.00,827.00,404,423,0.00,0.00,0,0
1652997546.983639,s3-eth2,26664.00,1225414.00,1252078.00,1225414,26664,404.00,423.00,827.00,423,404,0.00,0.00,0,0
1652997546.983692,s2-eth2,26664.00,1222452.00,1249116.00,1222452,26664,404.00,422.00,826.00,422,404,0.00,0.00,0,0
1652997546.984611,s1-eth1,1225636.38,26637.36,1252273.75,26664,1226862,422.58,403.60,826.17,404,423,0.00,0.00,0,0
1652997546.984651,lo,0.00,0.00,0.00,0,0,0.00,0.00,0.00,0,0,0.00,0.00,0,0
1652997546.984690,s1-eth2,26637.36,1222677.38,1249314.75,1223900,26664,403.60,421.58,825.17,422,404,0.00,0.00,0,0
1652997546.984723,eth0,0.00,0.00,0.00,0,0,0.00,0.00,0.00,0,0,0.00,0.00,0,0
1652997546.984751,s3-eth1,1221230.75,26637.36,1247868.12,26664,1222452,421.58,403.60,825.17,404,422,0.00,0.00,0,0
1652997546.984781,total,3752415.75,3748010.00,7500426.00,3751758,3756168,2477.52,2476.52,4954.05,2479,2480,0.00,0.00,0,0
1652997547.985495,s2-eth1,1224189.88,26637.36,1250827.25,26664,1225414,422.58,403.60,826.17,404,423,0.00,0.00,0,0
1652997547.985555,s3-eth2,26637.36,1222677.38,1249314.75,1223900,26664,403.60,421.58,825.17,422,404,0.00,0.00,0,0
1652997547.985600,s2-eth2,26637.36,1225636.38,1252273.75,1226862,26664,403.60,422.58,826.17,423,404,0.00,0.00,0,0
1652997547.985870,s1-eth1,1224189.88,26637.36,1250827.25,26664,1225414,422.58,403.60,826.17,404,423,0.00,0.00,0,0
1652997547.985914,lo,0.00,0.00,0.00,0,0,0.00,0.00,0.00,0,0,0.00,0.00,0,0
1652997547.985938,s1-eth2,26637.36,1224189.88,1250827.25,1225414,26664,403.60,422.58,826.17,423,404,0.00,0.00,0,0
1652997547.985964,eth0,0.00,0.00,0.00,0,0,0.00,0.00,0.00,0,0,0.00,0.00,0,0
1652997547.985989,s3-eth1,1225636.38,26637.36,1252273.75,26664,1226862,422.58,403.60,826.17,404,423,0.00,0.00,0,0
1652997547.986013,total,3753928.25,3752415.75,7506344.00,3756168,3757682,2478.52,2477.52,4956.04,2480,2481,0.00,0.00,0,0
1652997548.986378,s2-eth1,1223900.00,26730.00,1250630.00,26730,1223900,422.00,405.00,827.00,405,422,0.00,0.00,0,0
1652997548.986436,s3-eth2,26730.00,1226862.00,1253592.00,1226862,26730,405.00,423.00,828.00,423,405,0.00,0.00,0,0
1652997548.986481,s2-eth2,26664.00,1223900.00,1250564.00,1223900,26664,404.00,422.00,826.00,422,404,0.00,0.00,0,0
1652997548.986557,s1-eth1,1223900.00,26664.00,1250564.00,26664,1223900,422.00,404.00,826.00,404,422,0.00,0.00,0,0
1652997548.986584,lo,172.00,172.00,344.00,172,172,3.00,3.00,6.00,3,3,0.00,0.00,0,0
1652997548.986609,s1-eth2,26730.00,1223900.00,1250630.00,1223900,26730,405.00,422.00,827.00,422,405,0.00,0.00,0,0
1652997548.986634,eth0,0.00,0.00,0.00,0,0,0.00,0.00,0.00,0,0,0.00,0.00,0,0
1652997548.986658,s3-eth1,1223900.00,26664.00,1250564.00,26664,1223900,422.00,404.00,826.00,404,422,0.00,0.00,0,0
1652997548.986681,total,3751996.00,3754892.00,7506888.00,3754892,3751996,2483.00,2483.00,4966.00,2483,2483,0.00,0.00,0,0
1652997549.987071,s2-eth1,1223900.00,26598.00,1250498.00,26598,1223900,422.00,403.00,825.00,403,422,0.00,0.00,0,0
1652997549.987139,s3-eth2,26598.00,1222452.00,1249050.00,1222452,26598,403.00,422.00,825.00,422,403,0.00,0.00,0,0
1652997549.987192,s2-eth2,26598.00,1222452.00,1249050.00,1222452,26598,403.00,422.00,825.00,422,403,0.00,0.00,0,0
1652997549.987274,s1-eth1,1223900.00,26598.00,1250498.00,26598,1223900,422.00,403.00,825.00,403,422,0.00,0.00,0,0
1652997549.987304,lo,344.00,344.00,688.00,344,344,6.00,6.00,12.00,6,6,0.00,0.00,0,0
1652997549.987343,s1-eth2,26598.00,1223900.00,1250498.00,1223900,26598,403.00,422.00,825.00,422,403,0.00,0.00,0,0
1652997549.987373,eth0,0.00,0.00,0.00,0,0,0.00,0.00,0.00,0,0,0.00,0.00,0,0
1652997549.987401,s3-eth1,1225414.00,26598.00,1252012.00,26598,1225414,423.00,403.00,826.00,403,423,0.00,0.00,0,0
1652997549.987428,total,3753352.00,3748942.00,7502294.00,3748942,3753352,2482.00,2481.00,4963.00,2481,2482,0.00,0.00,0,0
1652997550.987848,s2-eth1,1228954.00,25584.00,1254538.00,25584,1228954,477.00,388.00,865.00,388,477,0.00,0.00,0,0
1652997550.987904,s3-eth2,25584.00,1227440.00,1253024.00,1227440,25584,388.00,476.00,864.00,476,388,0.00,0.00,0,0
1652997550.987957,s2-eth2,25650.00,1230402.00,1256052.00,1230402,25650,389.00,477.00,866.00,477,389,0.00,0.00,0,0
1652997550.988028,s1-eth1,1228954.00,25650.00,1254604.00,25650,1228954,477.00,389.00,866.00,389,477,0.00,0.00,0,0
1652997550.988055,lo,1398.00,1398.00,2796.00,1398,1398,15.00,15.00,30.00,15,15,0.00,0.00,0,0
1652997550.988080,s1-eth2,25584.00,1228954.00,1254538.00,1228954,25584,388.00,477.00,865.00,477,388,0.00,0.00,0,0
1652997550.988106,eth0,0.00,0.00,0.00,0,0,0.00,0.00,0.00,0,0,0.00,0.00,0,0
1652997550.988130,s3-eth1,1227440.00,25650.00,1253090.00,25650,1227440,476.00,389.00,865.00,389,476,0.00,0.00,0,0
1652997550.988153,total,3763564.00,3765078.00,7528642.00,3765078,3763564,2610.00,2611.00,5221.00,2611,2610,0.00,0.00,0,0
1652997551.988457,s2-eth1,1223900.00,26796.00,1250696.00,26796,1223900,422.00,406.00,828.00,406,422,0.00,0.00,0,0
1652997551.988533,s3-eth2,26730.00,1223900.00,1250630.00,1223900,26730,405.00,422.00,827.00,422,405,0.00,0.00,0,0
1652997551.988579,s2-eth2,26730.00,1223900.00,1250630.00,1223900,26730,405.00,422.00,827.00,422,405,0.00,0.00,0,0
1652997551.988651,s1-eth1,1223900.00,26730.00,1250630.00,26730,1223900,422.00,405.00,827.00,405,422,0.00,0.00,0,0
1652997551.988677,lo,0.00,0.00,0.00,0,0,0.00,0.00,0.00,0,0,0.00,0.00,0,0
1652997551.988701,s1-eth2,26796.00,1223900.00,1250696.00,1223900,26796,406.00,422.00,828.00,422,406,0.00,0.00,0,0
1652997551.988726,eth0,0.00,0.00,0.00,0,0,0.00,0.00,0.00,0,0,0.00,0.00,0,0
1652997551.988751,s3-eth1,1223900.00,26730.00,1250630.00,26730,1223900,422.00,405.00,827.00,405,422,0.00,0.00,0,0
1652997551.988774,total,3751956.00,3751956.00,7503912.00,3751956,3751956,2482.00,2482.00,4964.00,2482,2482,0.00,0.00,0,0
1652997552.989218,s2-eth1,1222452.00,26598.00,1249050.00,26598,1222452,422.00,403.00,825.00,403,422,0.00,0.00,0,0
1652997552.989297,s3-eth2,26664.00,1225414.00,1252078.00,1225414,26664,404.00,423.00,827.00,423,404,0.00,0.00,0,0
1652997552.989337,s2-eth2,26664.00,1222452.00,1249116.00,1222452,26664,404.00,422.00,826.00,422,404,0.00,0.00,0,0
1652997552.989397,s1-eth1,1222452.00,26664.00,1249116.00,26664,1222452,422.00,404.00,826.00,404,422,0.00,0.00,0,0
1652997552.989420,lo,0.00,0.00,0.00,0,0,0.00,0.00,0.00,0,0,0.00,0.00,0,0
1652997552.989441,s1-eth2,26598.00,1222452.00,1249050.00,1222452,26598,403.00,422.00,825.00,422,403,0.00,0.00,0,0
1652997552.989464,eth0,0.00,0.00,0.00,0,0,0.00,0.00,0.00,0,0,0.00,0.00,0,0
1652997552.989485,s3-eth1,1222452.00,26664.00,1249116.00,26664,1222452,422.00,404.00,826.00,404,422,0.00,0.00,0,0
1652997552.989505,total,3747282.00,3750244.00,7497526.00,3750244,3747282,2477.00,2478.00,4955.00,2478,2477,0.00,0.00,0,0
1652997553.989795,s2-eth1,1223900.00,26734.00,1250634.00,26734,1223900,422.00,405.00,827.00,405,422,0.00,0.00,0,0
1652997553.989861,s3-eth2,26734.00,1223900.00,1250634.00,1223900,26734,405.00,422.00,827.00,422,405,0.00,0.00,0,0
1652997553.989914,s2-eth2,26668.00,1223900.00,1250568.00,1223900,26668,404.00,422.00,826.00,422,404,0.00,0.00,0,0
1652997553.989988,s1-eth1,1223900.00,26598.00,1250498.00,26598,1223900,422.00,403.00,825.00,403,422,0.00,0.00,0,0
1652997553.990015,lo,676.00,676.00,1352.00,676,676,6.00,6.00,12.00,6,6,0.00,0.00,0,0
1652997553.990040,s1-eth2,26734.00,1223900.00,1250634.00,1223900,26734,405.00,422.00,827.00,422,405,0.00,0.00,0,0
1652997553.990065,eth0,0.00,0.00,0.00,0,0,0.00,0.00,0.00,0,0,0.00,0.00,0,0
1652997553.990110,s3-eth1,1223900.00,26668.00,1250568.00,26668,1223900,422.00,404.00,826.00,404,422,0.00,0.00,0,0
1652997553.990215,total,3752512.00,3752376.00,7504888.00,3752376,3752512,2486.00,2484.00,4970.00,2484,2486,0.00,0.00,0,0
1652997554.990493,s2-eth1,1223900.00,26734.00,1250634.00,26734,1223900,422.00,405.00,827.00,405,422,0.00,0.00,0,0
1652997554.990543,s3-eth2,26734.00,1223900.00,1250634.00,1223900,26734,405.00,422.00,827.00,422,405,0.00,0.00,0,0
1652997554.990583,s2-eth2,26800.00,1223900.00,1250700.00,1223900,26800,406.00,422.00,828.00,422,406,0.00,0.00,0,0
1652997554.990648,s1-eth1,1223900.00,26800.00,1250700.00,26800,1223900,422.00,406.00,828.00,406,422,0.00,0.00,0,0
1652997554.990716,lo,1014.00,1014.00,2028.00,1014,1014,9.00,9.00,18.00,9,9,0.00,0.00,0,0
1652997554.990739,s1-eth2,26734.00,1223900.00,1250634.00,1223900,26734,405.00,422.00,827.00,422,405,0.00,0.00,0,0
1652997554.990763,eth0,0.00,0.00,0.00,0,0,0.00,0.00,0.00,0,0,0.00,0.00,0,0
1652997554.990784,s3-eth1,1223900.00,26800.00,1250700.00,26800,1223900,422.00,406.00,828.00,406,422,0.00,0.00,0,0
1652997554.990806,total,3752982.00,3753048.00,7506030.00,3753048,3752982,2491.00,2492.00,4983.00,2492,2491,0.00,0.00,0,0
1652997555.991387,s2-eth1,1225484.00,26598.00,1252082.00,26598,1225484,424.00,403.00,827.00,403,424,0.00,0.00,0,0
1652997555.991479,s3-eth2,26664.00,1222522.00,1249186.00,1222522,26664,404.00,423.00,827.00,423,404,0.00,0.00,0,0
1652997555.991531,s2-eth2,26598.00,1225484.00,1252082.00,1225484,26598,403.00,424.00,827.00,424,403,0.00,0.00,0,0
1652997555.991614,s1-eth1,1225484.00,26598.00,1252082.00,26598,1225484,424.00,403.00,827.00,403,424,0.00,0.00,0,0
1652997555.991652,lo,1014.00,1014.00,2028.00,1014,1014,9.00,9.00,18.00,9,9,0.00,0.00,0,0
1652997555.991678,s1-eth2,26598.00,1225484.00,1252082.00,1225484,26598,403.00,424.00,827.00,424,403,0.00,0.00,0,0
1652997555.991704,eth0,0.00,0.00,0.00,0,0,0.00,0.00,0.00,0,0,0.00,0.00,0,0
1652997555.991728,s3-eth1,1225484.00,26598.00,1252082.00,26598,1225484,424.00,403.00,827.00,403,424,0.00,0.00,0,0
1652997555.991752,total,3757326.00,3754298.00,7511624.00,3754298,3757326,2491.00,2489.00,4980.00,2489,2491,0.00,0.00,0,0
1652997556.992263,s2-eth1,1223900.00,26730.00,1250630.00,26730,1223900,422.00,405.00,827.00,405,422,0.00,0.00,0,0
1652997556.992335,s3-eth2,26664.00,1226862.00,1253526.00,1226862,26664,404.00,423.00,827.00,423,404,0.00,0.00,0,0
1652997556.992389,s2-eth2,26664.00,1223900.00,1250564.00,1223900,26664,404.00,422.00,826.00,422,404,0.00,0.00,0,0
1652997556.992468,s1-eth1,1223900.00,26664.00,1250564.00,26664,1223900,422.00,404.00,826.00,404,422,0.00,0.00,0,0
1652997556.992498,lo,0.00,0.00,0.00,0,0,0.00,0.00,0.00,0,0,0.00,0.00,0,0
1652997556.992527,s1-eth2,26730.00,1223900.00,1250630.00,1223900,26730,405.00,422.00,827.00,422,405,0.00,0.00,0,0
1652997556.992557,eth0,0.00,0.00,0.00,0,0,0.00,0.00,0.00,0,0,0.00,0.00,0,0
1652997556.992585,s3-eth1,1223900.00,26664.00,1250564.00,26664,1223900,422.00,404.00,826.00,404,422,0.00,0.00,0,0
1652997556.992613,total,3751758.00,3754720.00,7506478.00,3754720,3751758,2479.00,2480.00,4959.00,2480,2479,0.00,0.00,0,0
1652997557.993025,s2-eth1,1227266.00,25608.00,1252874.00,25608,1227266,473.00,388.00,861.00,388,473,0.00,0.00,0,0
1652997557.993088,s3-eth2,25608.00,1225818.00,1251426.00,1225818,25608,388.00,473.00,861.00,473,388,0.00,0.00,0,0
1652997557.993141,s2-eth2,25608.00,1227266.00,1252874.00,1227266,25608,388.00,473.00,861.00,473,388,0.00,0.00,0,0
1652997557.993335,s1-eth1,1227266.00,25608.00,1252874.00,25608,1227266,473.00,388.00,861.00,388,473,0.00,0.00,0,0
1652997557.993367,lo,0.00,0.00,0.00,0,0,0.00,0.00,0.00,0,0,0.00,0.00,0,0
1652997557.993395,s1-eth2,25608.00,1227266.00,1252874.00,1227266,25608,388.00,473.00,861.00,473,388,0.00,0.00,0,0
1652997557.993425,eth0,0.00,0.00,0.00,0,0,0.00,0.00,0.00,0,0,0.00,0.00,0,0
1652997557.993454,s3-eth1,1228780.00,25674.00,1254454.00,25674,1228780,474.00,389.00,863.00,389,474,0.00,0.00,0,0
1652997557.993482,total,3760136.00,3757240.00,7517376.00,3757240,3760136,2584.00,2584.00,5168.00,2584,2584,0.00,0.00,0,0
1652997558.993829,s2-eth1,1225414.00,26598.00,1252012.00,26598,1225414,423.00,403.00,826.00,403,423,0.00,0.00,0,0
1652997558.993908,s3-eth2,26598.00,1223900.00,1250498.00,1223900,26598,403.00,422.00,825.00,422,403,0.00,0.00,0,0
1652997558.993953,s2-eth2,26598.00,1225414.00,1252012.00,1225414,26598,403.00,423.00,826.00,423,403,0.00,0.00,0,0
1652997558.994036,s1-eth1,1225414.00,26598.00,1252012.00,26598,1225414,423.00,403.00,826.00,403,423,0.00,0.00,0,0
1652997558.994063,lo,0.00,0.00,0.00,0,0,0.00,0.00,0.00,0,0,0.00,0.00,0,0
1652997558.994179,s1-eth2,26598.00,1225414.00,1252012.00,1225414,26598,403.00,423.00,826.00,423,403,0.00,0.00,0,0
1652997558.994219,eth0,0.00,0.00,0.00,0,0,0.00,0.00,0.00,0,0,0.00,0.00,0,0
1652997558.994245,s3-eth1,1223900.00,26532.00,1250432.00,26532,1223900,422.00,402.00,824.00,402,422,0.00,0.00,0,0
1652997558.994269,total,3754522.00,3754456.00,7508978.00,3754456,3754522,2477.00,2476.00,4953.00,2476,2477,0.00,0.00,0,0
1652997559.994604,s2-eth1,1224220.00,26778.00,1250998.00,26778,1224220,425.00,404.00,829.00,404,425,0.00,0.00,0,0
1652997559.994675,s3-eth2,26918.00,1223900.00,1250818.00,1223900,26918,406.00,422.00,828.00,422,406,0.00,0.00,0,0
1652997559.994720,s2-eth2,26914.00,1224150.00,1251064.00,1224150,26914,406.00,424.00,830.00,424,406,0.00,0.00,0,0
1652997559.994793,s1-eth1,1224220.00,26664.00,1250884.00,26664,1224220,425.00,404.00,829.00,404,425,0.00,0.00,0,0
1652997559.994819,lo,3584.00,3584.00,7168.00,3584,3584,24.00,24.00,48.00,24,24,0.00,0.00,0,0
1652997559.994845,s1-eth2,26778.00,1224220.00,1250998.00,1224220,26778,404.00,425.00,829.00,425,404,0.00,0.00,0,0
1652997559.994871,eth0,0.00,0.00,0.00,0,0,0.00,0.00,0.00,0,0,0.00,0.00,0,0
1652997559.994895,s3-eth1,1224150.00,26914.00,1251064.00,26914,1224150,424.00,406.00,830.00,406,424,0.00,0.00,0,0
1652997559.994918,total,3756784.00,3756210.00,7512994.00,3756210,3756784,2514.00,2509.00,5023.00,2509,2514,0.00,0.00,0,0
1652997560.995246,s2-eth1,1224080.00,26730.00,1250810.00,26730,1224080,423.00,405.00,828.00,405,423,0.00,0.00,0,0
1652997560.995330,s3-eth2,27090.00,1225414.00,1252504.00,1225414,27090,407.00,423.00,830.00,423,407,0.00,0.00,0,0
1652997560.995384,s2-eth2,26844.00,1225414.00,1252258.00,1225414,26844,405.00,423.00,828.00,423,405,0.00,0.00,0,0
1652997560.995467,s1-eth1,1224260.00,26664.00,1250924.00,26664,1224260,424.00,404.00,828.00,404,424,0.00,0.00,0,0
1652997560.995499,lo,1116.00,1116.00,2232.00,1116,1116,6.00,6.00,12.00,6,6,0.00,0.00,0,0
1652997560.995528,s1-eth2,26730.00,1224080.00,1250810.00,1224080,26730,405.00,423.00,828.00,423,405,0.00,0.00,0,0
1652997560.995559,eth0,0.00,0.00,0.00,0,0,0.00,0.00,0.00,0,0,0.00,0.00,0,0
1652997560.995588,s3-eth1,1225414.00,26844.00,1252258.00,26844,1225414,423.00,405.00,828.00,405,423,0.00,0.00,0,0
1652997560.995615,total,3755534.00,3756262.00,7511796.00,3756262,3755534,2493.00,2489.00,4982.00,2489,2493,0.00,0.00,0,0
1652997561.996061,s2-eth1,1222452.00,26598.00,1249050.00,26598,1222452,422.00,403.00,825.00,403,422,0.00,0.00,0,0
1652997561.996136,s3-eth2,26598.00,1223900.00,1250498.00,1223900,26598,403.00,422.00,825.00,422,403,0.00,0.00,0,0
1652997561.996184,s2-eth2,26664.00,1223900.00,1250564.00,1223900,26664,404.00,422.00,826.00,422,404,0.00,0.00,0,0
1652997561.996256,s1-eth1,1222522.00,26664.00,1249186.00,26664,1222522,423.00,404.00,827.00,404,423,0.00,0.00,0,0
1652997561.996281,lo,0.00,0.00,0.00,0,0,0.00,0.00,0.00,0,0,0.00,0.00,0,0
1652997561.996304,s1-eth2,26598.00,1222452.00,1249050.00,1222452,26598,403.00,422.00,825.00,422,403,0.00,0.00,0,0
1652997561.996328,eth0,0.00,0.00,0.00,0,0,0.00,0.00,0.00,0,0,0.00,0.00,0,0
1652997561.996350,s3-eth1,1223900.00,26664.00,1250564.00,26664,1223900,422.00,404.00,826.00,404,422,0.00,0.00,0,0
1652997561.996374,total,3748734.00,3750178.00,7498912.00,3750178,3748734,2477.00,2477.00,4954.00,2477,2477,0.00,0.00,0,0
1652997562.996790,s2-eth1,1226862.00,26664.00,1253526.00,26664,1226862,423.00,404.00,827.00,404,423,0.00,0.00,0,0
1652997562.996872,s3-eth2,26664.00,1223900.00,1250564.00,1223900,26664,404.00,422.00,826.00,422,404,0.00,0.00,0,0
1652997562.996926,s2-eth2,26664.00,1223900.00,1250564.00,1223900,26664,404.00,422.00,826.00,422,404,0.00,0.00,0,0
1652997562.997017,s1-eth1,1226862.00,26664.00,1253526.00,26664,1226862,423.00,404.00,827.00,404,423,0.00,0.00,0,0
1652997562.997049,lo,0.00,0.00,0.00,0,0,0.00,0.00,0.00,0,0,0.00,0.00,0,0
1652997562.997077,s1-eth2,26664.00,1226862.00,1253526.00,1226862,26664,404.00,423.00,827.00,423,404,0.00,0.00,0,0
1652997562.997107,eth0,0.00,0.00,0.00,0,0,0.00,0.00,0.00,0,0,0.00,0.00,0,0
1652997562.997135,s3-eth1,1223900.00,26664.00,1250564.00,26664,1223900,422.00,404.00,826.00,404,422,0.00,0.00,0,0
1652997562.997162,total,3757616.00,3754654.00,7512270.00,3754654,3757616,2480.00,2479.00,4959.00,2479,2480,0.00,0.00,0,0
1652997563.997466,s2-eth1,1221342.00,25278.00,1246620.00,25278,1221342,471.00,383.00,854.00,383,471,0.00,0.00,0,0
1652997563.997535,s3-eth2,25278.00,1222856.00,1248134.00,1222856,25278,383.00,472.00,855.00,472,383,0.00,0.00,0,0
1652997563.997575,s2-eth2,25278.00,1222856.00,1248134.00,1222856,25278,383.00,472.00,855.00,472,383,0.00,0.00,0,0
1652997563.997646,s1-eth1,1221342.00,25278.00,1246620.00,25278,1221342,471.00,383.00,854.00,383,471,0.00,0.00,0,0
1652997563.998291,lo,0.00,0.00,0.00,0,0,0.00,0.00,0.00,0,0,0.00,0.00,0,0
1652997563.998315,s1-eth2,25252.75,1220121.88,1245374.62,1221342,25278,382.62,470.53,853.15,471,383,0.00,0.00,0,0
1652997563.998340,eth0,0.00,0.00,0.00,0,0,0.00,0.00,0.00,0,0,0.00,0.00,0,0
1652997563.998361,s3-eth1,1221634.38,25252.75,1246887.12,25278,1222856,471.53,382.62,854.15,383,472,0.00,0.00,0,0
1652997563.998383,total,3737636.50,3739149.00,7476785.50,3742888,3741374,2560.44,2561.44,5121.88,2564,2563,0.00,0.00,0,0
1652997564.998719,s2-eth1,1224189.88,26637.36,1250827.25,26664,1225414,422.58,403.60,826.17,404,423,0.00,0.00,0,0
1652997564.998801,s3-eth2,26637.36,1222677.38,1249314.75,1223900,26664,403.60,421.58,825.17,422,404,0.00,0.00,0,0
1652997564.998854,s2-eth2,26637.36,1222677.38,1249314.75,1223900,26664,403.60,421.58,825.17,422,404,0.00,0.00,0,0
1652997564.998931,s1-eth1,1224189.88,26637.36,1250827.25,26664,1225414,422.58,403.60,826.17,404,423,0.00,0.00,0,0
1652997564.998963,lo,172.00,172.00,344.00,172,172,3.00,3.00,6.00,3,3,0.00,0.00,0,0
1652997564.998991,s1-eth2,26664.00,1225414.00,1252078.00,1225414,26664,404.00,423.00,827.00,423,404,0.00,0.00,0,0
1652997564.999021,eth0,0.00,0.00,0.00,0,0,0.00,0.00,0.00,0,0,0.00,0.00,0,0
1652997564.999049,s3-eth1,1223900.00,26664.00,1250564.00,26664,1223900,422.00,404.00,826.00,404,422,0.00,0.00,0,0
1652997564.999077,total,3754892.00,3753378.00,7508270.00,3753378,3754892,2483.00,2482.00,4965.00,2482,2483,0.00,0.00,0,0
1652997565.999476,s2-eth1,1223900.00,26664.00,1250564.00,26664,1223900,422.00,404.00,826.00,404,422,0.00,0.00,0,0
1652997565.999578,s3-eth2,26664.00,1223900.00,1250564.00,1223900,26664,404.00,422.00,826.00,422,404,0.00,0.00,0,0
1652997565.999642,s2-eth2,26664.00,1223900.00,1250564.00,1223900,26664,404.00,422.00,826.00,422,404,0.00,0.00,0,0
1652997565.999743,s1-eth1,1223900.00,26664.00,1250564.00,26664,1223900,422.00,404.00,826.00,404,422,0.00,0.00,0,0
1652997565.999808,lo,344.00,344.00,688.00,344,344,6.00,6.00,12.00,6,6,0.00,0.00,0,0
1652997565.999871,s1-eth2,26664.00,1223900.00,1250564.00,1223900,26664,404.00,422.00,826.00,422,404,0.00,0.00,0,0
1652997565.999910,eth0,0.00,0.00,0.00,0,0,0.00,0.00,0.00,0,0,0.00,0.00,0,0
1652997565.999950,s3-eth1,1223900.00,26664.00,1250564.00,26664,1223900,422.00,404.00,826.00,404,422,0.00,0.00,0,0
1652997565.999985,total,3752036.00,3752036.00,7504072.00,3752036,3752036,2484.00,2484.00,4968.00,2484,2484,0.00,0.00,0,0
1652997567.000747,s2-eth1,1222968.12,26610.78,1249578.88,26664,1225414,422.16,403.19,825.35,404,423,0.00,0.00,0,0
1652997567.000996,s3-eth2,26610.78,1222968.12,1249578.88,1225414,26664,403.19,422.16,825.35,423,404,0.00,0.00,0,0
1652997567.001063,s2-eth2,26610.78,1222968.12,1249578.88,1225414,26664,403.19,422.16,825.35,423,404,0.00,0.00,0,0
1652997567.001166,s1-eth1,1222968.12,26610.78,1249578.88,26664,1225414,422.16,403.19,825.35,404,423,0.00,0.00,0,0
1652997567.001204,lo,0.00,0.00,0.00,0,0,0.00,0.00,0.00,0,0,0.00,0.00,0,0
1652997567.001253,s1-eth2,26676.65,1222968.12,1249644.75,1225414,26730,404.19,422.16,826.35,423,405,0.00,0.00,0,0
1652997567.001291,eth0,0.00,0.00,0.00,0,0,0.00,0.00,0.00,0,0,0.00,0.00,0,0
1652997567.001324,s3-eth1,1222968.12,26610.78,1249578.88,26664,1225414,422.16,403.19,825.35,404,423,0.00,0.00,0,0
1652997567.001358,total,3748802.50,3748736.75,7497539.00,3756234,3756300,2477.05,2476.05,4953.09,2481,2482,0.00,0.00,0,0
1652997568.003384,s2-eth1,1224413.25,26676.65,1251089.88,26730,1226862,422.16,404.19,826.35,405,423,0.00,0.00,0,0
1652997568.003483,s3-eth2,26676.65,1224413.25,1251089.88,1226862,26730,404.19,422.16,826.35,423,405,0.00,0.00,0,0
1652997568.003539,s2-eth2,26610.78,1224413.25,1251024.00,1226862,26664,403.19,422.16,825.35,423,404,0.00,0.00,0,0
1652997568.003902,s1-eth1,1224413.25,26610.78,1251024.00,26664,1226862,422.16,403.19,825.35,404,423,0.00,0.00,0,0
1652997568.004002,lo,0.00,0.00,0.00,0,0,0.00,0.00,0.00,0,0,0.00,0.00,0,0
1652997568.004023,s1-eth2,26610.78,1224413.25,1251024.00,1226862,26664,403.19,422.16,825.35,423,404,0.00,0.00,0,0
1652997568.004045,eth0,0.00,0.00,0.00,0,0,0.00,0.00,0.00,0,0,0.00,0.00,0,0
1652997568.004066,s3-eth1,1224413.25,26676.65,1251089.88,26730,1226862,422.16,404.19,826.35,405,423,0.00,0.00,0,0
1652997568.004087,total,3753137.75,3753203.75,7506341.50,3760710,3760644,2477.05,2478.04,4955.09,2483,2482,0.00,0.00,0,0
1652997569.004587,s2-eth1,1222677.38,26637.36,1249314.75,26664,1223900,421.58,403.60,825.17,404,422,0.00,0.00,0,0
1652997569.004673,s3-eth2,26637.36,1222677.38,1249314.75,1223900,26664,403.60,421.58,825.17,422,404,0.00,0.00,0,0
1652997569.004727,s2-eth2,26703.30,1222677.38,1249380.62,1223900,26730,404.60,421.58,826.17,422,405,0.00,0.00,0,0
1652997569.005345,s1-eth1,1225636.38,26703.30,1252339.75,26730,1226862,422.58,404.60,827.17,405,423,0.00,0.00,0,0
1652997569.005453,lo,0.00,0.00,0.00,0,0,0.00,0.00,0.00,0,0,0.00,0.00,0,0
1652997569.005488,s1-eth2,26637.36,1225636.38,1252273.75,1226862,26664,403.60,422.58,826.17,423,404,0.00,0.00,0,0
1652997569.005523,eth0,0.00,0.00,0.00,0,0,0.00,0.00,0.00,0,0,0.00,0.00,0,0
1652997569.005559,s3-eth1,1225636.38,26637.36,1252273.75,26664,1226862,422.58,403.60,826.17,404,423,0.00,0.00,0,0
1652997569.005591,total,3753928.25,3750969.25,7504897.50,3754720,3757682,2478.52,2477.52,4956.04,2480,2481,0.00,0.00,0,0
1652997570.006626,s2-eth1,1222968.12,26610.78,1249578.88,26664,1225414,422.16,403.19,825.35,404,423,0.00,0.00,0,0
1652997570.006725,s3-eth2,26610.78,1222968.12,1249578.88,1225414,26664,403.19,422.16,825.35,423,404,0.00,0.00,0,0
1652997570.007145,s2-eth2,26610.78,1222968.12,1249578.88,1225414,26664,403.19,422.16,825.35,423,404,0.00,0.00,0,0
1652997570.007448,s1-eth1,1222968.12,26610.78,1249578.88,26664,1225414,422.16,403.19,825.35,404,423,0.00,0.00,0,0
1652997570.007556,lo,171.66,171.66,343.31,172,172,2.99,2.99,5.99,3,3,0.00,0.00,0,0
1652997570.007584,s1-eth2,26610.78,1222968.12,1249578.88,1225414,26664,403.19,422.16,825.35,423,404,0.00,0.00,0,0
1652997570.007612,eth0,0.00,0.00,0.00,0,0,0.00,0.00,0.00,0,0,0.00,0.00,0,0
1652997570.007651,s3-eth1,1222968.12,26610.78,1249578.88,26664,1225414,422.16,403.19,825.35,404,423,0.00,0.00,0,0
1652997570.007694,total,3748908.25,3748908.25,7497816.50,3756406,3756406,2479.04,2479.04,4958.08,2484,2484,0.00,0.00,0,0
1652997571.009039,s2-eth1,1224413.25,26610.78,1251024.00,26664,1226862,422.16,403.19,825.35,404,423,0.00,0.00,0,0
1652997571.009293,s3-eth2,26610.78,1224413.25,1251024.00,1226862,26664,403.19,422.16,825.35,423,404,0.00,0.00,0,0
1652997571.009356,s2-eth2,26544.91,1224413.25,1250958.12,1226862,26598,402.20,422.16,824.35,423,403,0.00,0.00,0,0
1652997571.009509,s1-eth1,1221457.12,26544.91,1248002.00,26598,1223900,421.16,402.20,823.35,403,422,0.00,0.00,0,0
1652997571.009552,lo,343.66,343.66,687.31,344,344,5.99,5.99,11.99,6,6,0.00,0.00,0,0
1652997571.009581,s1-eth2,26637.36,1222677.38,1249314.75,1223900,26664,403.60,421.58,825.17,422,404,0.00,0.00,0,0
1652997571.009615,eth0,0.00,0.00,0.00,0,0,0.00,0.00,0.00,0,0,0.00,0.00,0,0
1652997571.009964,s3-eth1,1224413.25,26610.78,1251024.00,26664,1226862,422.16,403.19,825.35,404,423,0.00,0.00,0,0
1652997571.010017,total,3750393.25,3750393.25,7500786.50,3757894,3757894,2480.04,2480.04,4960.08,2485,2485,0.00,0.00,0,0
1652997572.010380,s2-eth1,1225636.38,26637.36,1252273.75,26664,1226862,422.58,403.60,826.17,404,423,0.00,0.00,0,0
1652997572.010448,s3-eth2,26637.36,1224189.88,1250827.25,1225414,26664,403.60,422.58,826.17,423,404,0.00,0.00,0,0
1652997572.010488,s2-eth2,26703.30,1224189.88,1250893.12,1225414,26730,404.60,422.58,827.17,423,405,0.00,0.00,0,0
1652997572.010558,s1-eth1,1225636.38,26703.30,1252339.75,26730,1226862,422.58,404.60,827.17,405,423,0.00,0.00,0,0
1652997572.010582,lo,0.00,0.00,0.00,0,0,0.00,0.00,0.00,0,0,0.00,0.00,0,0
1652997572.010603,s1-eth2,26637.36,1225636.38,1252273.75,1226862,26664,403.60,422.58,826.17,423,404,0.00,0.00,0,0
1652997572.010625,eth0,0.00,0.00,0.00,0,0,0.00,0.00,0.00,0,0,0.00,0.00,0,0
1652997572.010646,s3-eth1,1222452.00,26664.00,1249116.00,26664,1222452,422.00,404.00,826.00,404,422,0.00,0.00,0,0
1652997572.010667,total,3756234.00,3757748.00,7513982.00,3757748,3756234,2481.00,2482.00,4963.00,2482,2481,0.00,0.00,0,0
1652997573.011099,s2-eth1,1222452.00,26664.00,1249116.00,26664,1222452,422.00,404.00,826.00,404,422,0.00,0.00,0,0
1652997573.011177,s3-eth2,26664.00,1223900.00,1250564.00,1223900,26664,404.00,422.00,826.00,422,404,0.00,0.00,0,0
1652997573.011223,s2-eth2,26598.00,1223900.00,1250498.00,1223900,26598,403.00,422.00,825.00,422,403,0.00,0.00,0,0
1652997573.011343,s1-eth1,1222452.00,26664.00,1249116.00,26664,1222452,422.00,404.00,826.00,404,422,0.00,0.00,0,0
1652997573.011370,lo,0.00,0.00,0.00,0,0,0.00,0.00,0.00,0,0,0.00,0.00,0,0
1652997573.011394,s1-eth2,26664.00,1222452.00,1249116.00,1222452,26664,404.00,422.00,826.00,422,404,0.00,0.00,0,0
1652997573.011419,eth0,0.00,0.00,0.00,0,0,0.00,0.00,0.00,0,0,0.00,0.00,0,0
1652997573.011490,s3-eth1,1223900.00,26598.00,1250498.00,26598,1223900,422.00,403.00,825.00,403,422,0.00,0.00,0,0
1652997573.011513,total,3748730.00,3750178.00,7498908.00,3750178,3748730,2477.00,2477.00,4954.00,2477,2477,0.00,0.00,0,0
1652997574.012186,s2-eth1,1222677.38,26637.36,1249314.75,26664,1223900,421.58,403.60,825.17,404,422,0.00,0.00,0,0
1652997574.012273,s3-eth2,26637.36,1222677.38,1249314.75,1223900,26664,403.60,421.58,825.17,422,404,0.00,0.00,0,0
1652997574.012328,s2-eth2,26637.36,1222677.38,1249314.75,1223900,26664,403.60,421.58,825.17,422,404,0.00,0.00,0,0
1652997574.012415,s1-eth1,1225636.38,26637.36,1252273.75,26664,1226862,422.58,403.60,826.17,404,423,0.00,0.00,0,0
1652997574.012503,lo,0.00,0.00,0.00,0,0,0.00,0.00,0.00,0,0,0.00,0.00,0,0
1652997574.012532,s1-eth2,26637.36,1225636.38,1252273.75,1226862,26664,403.60,422.58,826.17,423,404,0.00,0.00,0,0
1652997574.012563,eth0,0.00,473.53,473.53,474,0,0.00,1.00,1.00,1,0,0.00,0.00,0,0
1652997574.012592,s3-eth1,1225636.38,26703.30,1252339.75,26730,1226862,422.58,404.60,827.17,405,423,0.00,0.00,0,0
1652997574.012621,total,3753862.25,3751442.75,7505305.00,3755194,3757616,2477.52,2478.52,4956.04,2481,2480,0.00,0.00,0,0
1652997575.013042,s2-eth1,1225456.00,26772.00,1252228.00,26772,1225456,424.00,406.00,830.00,406,424,0.00,0.00,0,0
1652997575.013126,s3-eth2,26706.00,1225456.00,1252162.00,1225456,26706,405.00,424.00,829.00,424,405,0.00,0.00,0,0
1652997575.013171,s2-eth2,26772.00,1225456.00,1252228.00,1225456,26772,406.00,424.00,830.00,424,406,0.00,0.00,0,0
1652997575.013247,s1-eth1,1222494.00,26706.00,1249200.00,26706,1222494,423.00,405.00,828.00,405,423,0.00,0.00,0,0
1652997575.013274,lo,172.00,172.00,344.00,172,172,3.00,3.00,6.00,3,3,0.00,0.00,0,0
1652997575.013299,s1-eth2,26772.00,1222494.00,1249266.00,1222494,26772,406.00,423.00,829.00,423,406,0.00,0.00,0,0
1652997575.013325,eth0,0.00,0.00,0.00,0,0,0.00,0.00,0.00,0,0,0.00,0.00,0,0
1652997575.013350,s3-eth1,1222494.00,26706.00,1249200.00,26706,1222494,423.00,405.00,828.00,405,423,0.00,0.00,0,0
1652997575.013374,total,3750866.00,3753762.00,7504628.00,3753762,3750866,2490.00,2490.00,4980.00,2490,2490,0.00,0.00,0,0
1652997576.013746,s2-eth1,1227266.00,25476.00,1252742.00,25476,1227266,473.00,386.00,859.00,386,473,0.00,0.00,0,0
1652997576.013832,s3-eth2,25542.00,1227266.00,1252808.00,1227266,25542,387.00,473.00,860.00,473,387,0.00,0.00,0,0
1652997576.013877,s2-eth2,25542.00,1227266.00,1252808.00,1227266,25542,387.00,473.00,860.00,473,387,0.00,0.00,0,0
1652997576.013950,s1-eth1,1227266.00,25542.00,1252808.00,25542,1227266,473.00,387.00,860.00,387,473,0.00,0.00,0,0
1652997576.013976,lo,344.00,344.00,688.00,344,344,6.00,6.00,12.00,6,6,0.00,0.00,0,0
1652997576.014002,s1-eth2,25476.00,1227266.00,1252742.00,1227266,25476,386.00,473.00,859.00,473,386,0.00,0.00,0,0
1652997576.014027,eth0,0.00,0.00,0.00,0,0,0.00,0.00,0.00,0,0,0.00,0.00,0,0
1652997576.014051,s3-eth1,1227266.00,25542.00,1252808.00,25542,1227266,473.00,387.00,860.00,387,473,0.00,0.00,0,0
1652997576.014075,total,3758702.00,3758702.00,7517404.00,3758702,3758702,2585.00,2585.00,5170.00,2585,2585,0.00,0.00,0,0
1652997577.014437,s2-eth1,1223900.00,26664.00,1250564.00,26664,1223900,422.00,404.00,826.00,404,422,0.00,0.00,0,0
1652997577.014510,s3-eth2,26664.00,1223900.00,1250564.00,1223900,26664,404.00,422.00,826.00,422,404,0.00,0.00,0,0
1652997577.014556,s2-eth2,26664.00,1223900.00,1250564.00,1223900,26664,404.00,422.00,826.00,422,404,0.00,0.00,0,0
1652997577.014637,s1-eth1,1223900.00,26664.00,1250564.00,26664,1223900,422.00,404.00,826.00,404,422,0.00,0.00,0,0
1652997577.014663,lo,0.00,0.00,0.00,0,0,0.00,0.00,0.00,0,0,0.00,0.00,0,0
1652997577.014687,s1-eth2,26664.00,1223900.00,1250564.00,1223900,26664,404.00,422.00,826.00,422,404,0.00,0.00,0,0
1652997577.014713,eth0,0.00,0.00,0.00,0,0,0.00,0.00,0.00,0,0,0.00,0.00,0,0
1652997577.014737,s3-eth1,1223900.00,26664.00,1250564.00,26664,1223900,422.00,404.00,826.00,404,422,0.00,0.00,0,0
1652997577.014760,total,3751692.00,3751692.00,7503384.00,3751692,3751692,2478.00,2478.00,4956.00,2478,2478,0.00,0.00,0,0
1652997578.015192,s2-eth1,1225414.00,26664.00,1252078.00,26664,1225414,423.00,404.00,827.00,404,423,0.00,0.00,0,0
1652997578.015263,s3-eth2,26664.00,1225414.00,1252078.00,1225414,26664,404.00,423.00,827.00,423,404,0.00,0.00,0,0
1652997578.015308,s2-eth2,26598.00,1225414.00,1252012.00,1225414,26598,403.00,423.00,826.00,423,403,0.00,0.00,0,0
1652997578.015386,s1-eth1,1225414.00,26598.00,1252012.00,26598,1225414,423.00,403.00,826.00,403,423,0.00,0.00,0,0
1652997578.015414,lo,0.00,0.00,0.00,0,0,0.00,0.00,0.00,0,0,0.00,0.00,0,0
1652997578.015438,s1-eth2,26664.00,1225414.00,1252078.00,1225414,26664,404.00,423.00,827.00,423,404,0.00,0.00,0,0
1652997578.015463,eth0,0.00,0.00,0.00,0,0,0.00,0.00,0.00,0,0,0.00,0.00,0,0
1652997578.015488,s3-eth1,1225414.00,26598.00,1252012.00,26598,1225414,423.00,403.00,826.00,403,423,0.00,0.00,0,0
1652997578.015511,total,3756168.00,3756102.00,7512270.00,3756102,3756168,2480.00,2479.00,4959.00,2479,2480,0.00,0.00,0,0
1652997579.015964,s2-eth1,1223900.00,26664.00,1250564.00,26664,1223900,422.00,404.00,826.00,404,422,0.00,0.00,0,0
1652997579.016030,s3-eth2,26664.00,1223900.00,1250564.00,1223900,26664,404.00,422.00,826.00,422,404,0.00,0.00,0,0
1652997579.016083,s2-eth2,26664.00,1223900.00,1250564.00,1223900,26664,404.00,422.00,826.00,422,404,0.00,0.00,0,0
1652997579.016166,s1-eth1,1223900.00,26730.00,1250630.00,26730,1223900,422.00,405.00,827.00,405,422,0.00,0.00,0,0
1652997579.016197,lo,0.00,0.00,0.00,0,0,0.00,0.00,0.00,0,0,0.00,0.00,0,0
1652997579.016225,s1-eth2,26664.00,1223900.00,1250564.00,1223900,26664,404.00,422.00,826.00,422,404,0.00,0.00,0,0
1652997579.016254,eth0,0.00,0.00,0.00,0,0,0.00,0.00,0.00,0,0,0.00,0.00,0,0
1652997579.016283,s3-eth1,1223900.00,26664.00,1250564.00,26664,1223900,422.00,404.00,826.00,404,422,0.00,0.00,0,0
1652997579.016310,total,3751692.00,3751758.00,7503450.00,3751758,3751692,2478.00,2479.00,4957.00,2479,2478,0.00,0.00,0,0
1652997580.016615,s2-eth1,1223900.00,26664.00,1250564.00,26664,1223900,422.00,404.00,826.00,404,422,0.00,0.00,0,0
1652997580.016678,s3-eth2,26664.00,1225414.00,1252078.00,1225414,26664,404.00,423.00,827.00,423,404,0.00,0.00,0,0
1652997580.016718,s2-eth2,26730.00,1223900.00,1250630.00,1223900,26730,405.00,422.00,827.00,422,405,0.00,0.00,0,0
1652997580.016782,s1-eth1,1223900.00,26664.00,1250564.00,26664,1223900,422.00,404.00,826.00,404,422,0.00,0.00,0,0
1652997580.016816,lo,172.00,172.00,344.00,172,172,3.00,3.00,6.00,3,3,0.00,0.00,0,0
1652997580.016837,s1-eth2,26664.00,1223900.00,1250564.00,1223900,26664,404.00,422.00,826.00,422,404,0.00,0.00,0,0
1652997580.016859,eth0,0.00,0.00,0.00,0,0,0.00,0.00,0.00,0,0,0.00,0.00,0,0
1652997580.016880,s3-eth1,1223900.00,26730.00,1250630.00,26730,1223900,422.00,405.00,827.00,405,422,0.00,0.00,0,0
1652997580.016900,total,3751930.00,3753444.00,7505374.00,3753444,3751930,2482.00,2483.00,4965.00,2483,2482,0.00,0.00,0,0
1652997581.017294,s2-eth1,1225414.00,26664.00,1252078.00,26664,1225414,423.00,404.00,827.00,404,423,0.00,0.00,0,0
1652997581.017343,s3-eth2,26664.00,1223900.00,1250564.00,1223900,26664,404.00,422.00,826.00,422,404,0.00,0.00,0,0
1652997581.017389,s2-eth2,26598.00,1225414.00,1252012.00,1225414,26598,403.00,423.00,826.00,423,403,0.00,0.00,0,0
1652997581.017464,s1-eth1,1225414.00,26598.00,1252012.00,26598,1225414,423.00,403.00,826.00,403,423,0.00,0.00,0,0
1652997581.017491,lo,344.00,344.00,688.00,344,344,6.00,6.00,12.00,6,6,0.00,0.00,0,0
1652997581.017515,s1-eth2,26664.00,1225414.00,1252078.00,1225414,26664,404.00,423.00,827.00,423,404,0.00,0.00,0,0
1652997581.017541,eth0,0.00,0.00,0.00,0,0,0.00,0.00,0.00,0,0,0.00,0.00,0,0
1652997581.017565,s3-eth1,1225414.00,26598.00,1252012.00,26598,1225414,423.00,403.00,826.00,403,423,0.00,0.00,0,0
1652997581.017588,total,3756512.00,3754932.00,7511444.00,3754932,3756512,2486.00,2484.00,4970.00,2484,2486,0.00,0.00,0,0
1652997582.017975,s2-eth1,1223900.00,26734.00,1250634.00,26734,1223900,422.00,405.00,827.00,405,422,0.00,0.00,0,0
1652997582.018047,s3-eth2,26734.00,1223900.00,1250634.00,1223900,26734,405.00,422.00,827.00,422,405,0.00,0.00,0,0
1652997582.018093,s2-eth2,26734.00,1223900.00,1250634.00,1223900,26734,405.00,422.00,827.00,422,405,0.00,0.00,0,0
1652997582.018312,s1-eth1,1223900.00,26664.00,1250564.00,26664,1223900,422.00,404.00,826.00,404,422,0.00,0.00,0,0
1652997582.018341,lo,676.00,676.00,1352.00,676,676,6.00,6.00,12.00,6,6,0.00,0.00,0,0
1652997582.018366,s1-eth2,26734.00,1223900.00,1250634.00,1223900,26734,405.00,422.00,827.00,422,405,0.00,0.00,0,0
1652997582.018392,eth0,150.00,150.00,300.00,150,150,2.00,2.00,4.00,2,2,0.00,0.00,0,0
1652997582.018416,s3-eth1,1223900.00,26734.00,1250634.00,26734,1223900,422.00,405.00,827.00,405,422,0.00,0.00,0,0
1652997582.018440,total,3752728.00,3752658.00,7505386.00,3752658,3752728,2489.00,2488.00,4977.00,2488,2489,0.00,0.00,0,0
1652997583.018843,s2-eth1,1223900.00,26664.00,1250564.00,26664,1223900,422.00,404.00,826.00,404,422,0.00,0.00,0,0
1652997583.018925,s3-eth2,26664.00,1222452.00,1249116.00,1222452,26664,404.00,422.00,826.00,422,404,0.00,0.00,0,0
1652997583.018977,s2-eth2,26664.00,1222452.00,1249116.00,1222452,26664,404.00,422.00,826.00,422,404,0.00,0.00,0,0
1652997583.019058,s1-eth1,1223900.00,26664.00,1250564.00,26664,1223900,422.00,404.00,826.00,404,422,0.00,0.00,0,0
1652997583.019089,lo,0.00,0.00,0.00,0,0,0.00,0.00,0.00,0,0,0.00,0.00,0,0
1652997583.019117,s1-eth2,26664.00,1223900.00,1250564.00,1223900,26664,404.00,422.00,826.00,422,404,0.00,0.00,0,0
1652997583.019280,eth0,0.00,0.00,0.00,0,0,0.00,0.00,0.00,0,0,0.00,0.00,0,0
1652997583.019310,s3-eth1,1225414.00,26664.00,1252078.00,26664,1225414,423.00,404.00,827.00,404,423,0.00,0.00,0,0
1652997583.019338,total,3753206.00,3748796.00,7502002.00,3748796,3753206,2479.00,2478.00,4957.00,2478,2479,0.00,0.00,0,0
1652997584.019733,s2-eth1,1227332.00,25476.00,1252808.00,25476,1227332,474.00,386.00,860.00,386,474,0.00,0.00,0,0
1652997584.019803,s3-eth2,25476.00,1228780.00,1254256.00,1228780,25476,386.00,474.00,860.00,474,386,0.00,0.00,0,0
1652997584.019973,s2-eth2,25476.00,1228780.00,1254256.00,1228780,25476,386.00,474.00,860.00,474,386,0.00,0.00,0,0
1652997584.020044,s1-eth1,1227332.00,25542.00,1252874.00,25542,1227332,474.00,387.00,861.00,387,474,0.00,0.00,0,0
1652997584.020070,lo,0.00,0.00,0.00,0,0,0.00,0.00,0.00,0,0,0.00,0.00,0,0
1652997584.020094,s1-eth2,25476.00,1227332.00,1252808.00,1227332,25476,386.00,474.00,860.00,474,386,0.00,0.00,0,0
1652997584.020127,eth0,0.00,0.00,0.00,0,0,0.00,0.00,0.00,0,0,0.00,0.00,0,0
1652997584.020151,s3-eth1,1225818.00,25542.00,1251360.00,25542,1225818,473.00,387.00,860.00,387,473,0.00,0.00,0,0
1652997584.020174,total,3756910.00,3761452.00,7518362.00,3761452,3756910,2579.00,2582.00,5161.00,2582,2579,0.00,0.00,0,0
1652997585.020610,s2-eth1,1225348.00,26730.00,1252078.00,26730,1225348,422.00,405.00,827.00,405,422,0.00,0.00,0,0
1652997585.020744,s3-eth2,26730.00,1225348.00,1252078.00,1225348,26730,405.00,422.00,827.00,422,405,0.00,0.00,0,0
1652997585.020804,s2-eth2,26730.00,1225348.00,1252078.00,1225348,26730,405.00,422.00,827.00,422,405,0.00,0.00,0,0
1652997585.020894,s1-eth1,1225348.00,26664.00,1252012.00,26664,1225348,422.00,404.00,826.00,404,422,0.00,0.00,0,0
1652997585.020925,lo,0.00,0.00,0.00,0,0,0.00,0.00,0.00,0,0,0.00,0.00,0,0
1652997585.020953,s1-eth2,26730.00,1225348.00,1252078.00,1225348,26730,405.00,422.00,827.00,422,405,0.00,0.00,0,0
1652997585.020982,eth0,0.00,0.00,0.00,0,0,0.00,0.00,0.00,0,0,0.00,0.00,0,0
1652997585.021010,s3-eth1,1225348.00,26664.00,1252012.00,26664,1225348,422.00,404.00,826.00,404,422,0.00,0.00,0,0
1652997585.021037,total,3756234.00,3756102.00,7512336.00,3756102,3756234,2481.00,2479.00,4960.00,2479,2481,0.00,0.00,0,0
1652997586.021384,s2-eth1,1222452.00,26734.00,1249186.00,26734,1222452,422.00,405.00,827.00,405,422,0.00,0.00,0,0
1652997586.021457,s3-eth2,26734.00,1222452.00,1249186.00,1222452,26734,405.00,422.00,827.00,422,405,0.00,0.00,0,0
1652997586.021506,s2-eth2,26800.00,1222452.00,1249252.00,1222452,26800,406.00,422.00,828.00,422,406,0.00,0.00,0,0
1652997586.021648,s1-eth1,1225414.00,26800.00,1252214.00,26800,1225414,423.00,406.00,829.00,406,423,0.00,0.00,0,0
1652997586.021680,lo,1186.00,1186.00,2372.00,1186,1186,12.00,12.00,24.00,12,12,0.00,0.00,0,0
1652997586.021709,s1-eth2,26734.00,1225414.00,1252148.00,1225414,26734,405.00,423.00,828.00,423,405,0.00,0.00,0,0
1652997586.021738,eth0,0.00,0.00,0.00,0,0,0.00,0.00,0.00,0,0,0.00,0.00,0,0
1652997586.021765,s3-eth1,1225414.00,26800.00,1252214.00,26800,1225414,423.00,406.00,829.00,406,423,0.00,0.00,0,0
1652997586.021792,total,3754734.00,3751838.00,7506572.00,3751838,3754734,2496.00,2496.00,4992.00,2496,2496,0.00,0.00,0,0
1652997587.022304,s2-eth1,1226932.00,26664.00,1253596.00,26664,1226932,424.00,404.00,828.00,404,424,0.00,0.00,0,0
1652997587.022390,s3-eth2,26664.00,1225484.00,1252148.00,1225484,26664,404.00,424.00,828.00,424,404,0.00,0.00,0,0
1652997587.022437,s2-eth2,26664.00,1225484.00,1252148.00,1225484,26664,404.00,424.00,828.00,424,404,0.00,0.00,0,0
1652997587.022517,s1-eth1,1223970.00,26664.00,1250634.00,26664,1223970,423.00,404.00,827.00,404,423,0.00,0.00,0,0
1652997587.022545,lo,1014.00,1014.00,2028.00,1014,1014,9.00,9.00,18.00,9,9,0.00,0.00,0,0
1652997587.022571,s1-eth2,26730.00,1223970.00,1250700.00,1223970,26730,405.00,423.00,828.00,423,405,0.00,0.00,0,0
1652997587.022596,eth0,60.00,60.00,120.00,60,60,1.00,1.00,2.00,1,1,0.00,0.00,0,0
1652997587.022621,s3-eth1,1222522.00,26664.00,1249186.00,26664,1222522,423.00,404.00,827.00,404,423,0.00,0.00,0,0
1652997587.022645,total,3754556.00,3756004.00,7510560.00,3756004,3754556,2493.00,2493.00,4986.00,2493,2493,0.00,0.00,0,0
1652997588.023045,s2-eth1,1223900.00,26664.00,1250564.00,26664,1223900,422.00,404.00,826.00,404,422,0.00,0.00,0,0
1652997588.023113,s3-eth2,26664.00,1225348.00,1252012.00,1225348,26664,404.00,422.00,826.00,422,404,0.00,0.00,0,0
1652997588.023160,s2-eth2,26598.00,1225348.00,1251946.00,1225348,26598,403.00,422.00,825.00,422,403,0.00,0.00,0,0
1652997588.023238,s1-eth1,1223900.00,26598.00,1250498.00,26598,1223900,422.00,403.00,825.00,403,422,0.00,0.00,0,0
1652997588.023265,lo,0.00,0.00,0.00,0,0,0.00,0.00,0.00,0,0,0.00,0.00,0,0
1652997588.023290,s1-eth2,26598.00,1223900.00,1250498.00,1223900,26598,403.00,422.00,825.00,422,403,0.00,0.00,0,0
1652997588.023315,eth0,0.00,0.00,0.00,0,0,0.00,0.00,0.00,0,0,0.00,0.00,0,0
1652997588.023340,s3-eth1,1225348.00,26598.00,1251946.00,26598,1225348,422.00,403.00,825.00,403,422,0.00,0.00,0,0
1652997588.023363,total,3753008.00,3754456.00,7507464.00,3754456,3753008,2476.00,2476.00,4952.00,2476,2476,0.00,0.00,0,0
1652997589.023763,s2-eth1,1222452.00,26466.00,1248918.00,26466,1222452,422.00,401.00,823.00,401,422,0.00,0.00,0,0
1652997589.023830,s3-eth2,26532.00,1222452.00,1248984.00,1222452,26532,402.00,422.00,824.00,422,402,0.00,0.00,0,0
1652997589.023884,s2-eth2,26532.00,1222452.00,1248984.00,1222452,26532,402.00,422.00,824.00,422,402,0.00,0.00,0,0
1652997589.023966,s1-eth1,1222452.00,26532.00,1248984.00,26532,1222452,422.00,402.00,824.00,402,422,0.00,0.00,0,0
1652997589.023997,lo,0.00,0.00,0.00,0,0,0.00,0.00,0.00,0,0,0.00,0.00,0,0
1652997589.024025,s1-eth2,26466.00,1222452.00,1248918.00,1222452,26466,401.00,422.00,823.00,422,401,0.00,0.00,0,0
1652997589.024065,eth0,0.00,0.00,0.00,0,0,0.00,0.00,0.00,0,0,0.00,0.00,0,0
1652997589.024093,s3-eth1,1222452.00,26532.00,1248984.00,26532,1222452,422.00,402.00,824.00,402,422,0.00,0.00,0,0
1652997589.024121,total,3746886.00,3746886.00,7493772.00,3746886,3746886,2471.00,2471.00,4942.00,2471,2471,0.00,0.00,0,0
1652997590.024590,s2-eth1,1223966.00,26664.00,1250630.00,26664,1223966,423.00,404.00,827.00,404,423,0.00,0.00,0,0
1652997590.024655,s3-eth2,26598.00,1223966.00,1250564.00,1223966,26598,403.00,423.00,826.00,423,403,0.00,0.00,0,0
1652997590.024708,s2-eth2,26598.00,1223966.00,1250564.00,1223966,26598,403.00,423.00,826.00,423,403,0.00,0.00,0,0
1652997590.024789,s1-eth1,1223966.00,26598.00,1250564.00,26598,1223966,423.00,403.00,826.00,403,423,0.00,0.00,0,0
1652997590.024820,lo,0.00,0.00,0.00,0,0,0.00,0.00,0.00,0,0,0.00,0.00,0,0
1652997590.024848,s1-eth2,26664.00,1223966.00,1250630.00,1223966,26664,404.00,423.00,827.00,423,404,0.00,0.00,0,0
1652997590.024878,eth0,0.00,0.00,0.00,0,0,0.00,0.00,0.00,0,0,0.00,0.00,0,0
1652997590.024906,s3-eth1,1223966.00,26598.00,1250564.00,26598,1223966,423.00,403.00,826.00,403,423,0.00,0.00,0,0
1652997590.024933,total,3751758.00,3751758.00,7503516.00,3751758,3751758,2479.00,2479.00,4958.00,2479,2479,0.00,0.00,0,0
1652997591.026470,s2-eth1,969646.38,21362.64,991009.00,21384,970616,335.66,323.68,659.34,324,336,0.00,0.00,0,0
1652997591.028821,s3-eth2,21364.54,954948.25,976312.75,958768,21450,323.71,330.68,654.38,332,325,0.00,0.00,0,0
1652997591.028932,s2-eth2,21364.54,957898.44,979263.00,961730,21450,323.71,331.67,655.38,333,325,0.00,0.00,0,0
1652997591.029127,s1-eth1,969699.25,21298.80,990998.06,21384,973578,335.66,322.71,658.37,324,337,0.00,0.00,0,0
1652997591.029180,lo,0.00,0.00,0.00,0,0,0.00,0.00,0.00,0,0,0.00,0.00,0,0
1652997591.029316,s1-eth2,21298.80,966749.06,988047.81,970616,21384,322.71,334.66,657.37,336,324,0.00,0.00,0,0
1652997591.029385,eth0,0.00,0.00,0.00,0,0,0.00,0.00,0.00,0,0,0.00,0.00,0,0
1652997591.029433,s3-eth1,957898.44,21364.54,979263.00,21450,961730,331.67,323.71,655.38,325,333,0.00,0.00,0,0
1652997591.029481,total,2958374.50,2943557.75,5901932.50,2955332,2970208,1972.11,1966.14,3938.25,1974,1980,0.00,0.00,0,0
1652997592.031012,s2-eth1,249.00,179.28,428.29,180,250,1.99,1.00,2.99,1,2,0.00,0.00,0,0
1652997592.031341,s3-eth2,319.36,0.00,319.36,0,320,2.99,0.00,2.99,0,3,0.00,0.00,0,0
1652997592.031469,s2-eth2,249.50,249.50,499.00,250,250,2.00,2.00,3.99,2,2,0.00,0.00,0,0
1652997592.031664,s1-eth1,249.50,0.00,249.50,0,250,2.00,0.00,2.00,0,2,0.00,0.00,0,0
1652997592.031738,lo,3754.49,3754.49,7508.98,3762,3762,29.94,29.94,59.88,30,30,0.00,0.00,0,0
1652997592.031812,s1-eth2,179.64,249.50,429.14,250,180,1.00,2.00,2.99,2,1,0.00,0.00,0,0
1652997592.031885,eth0,0.00,0.00,0.00,0,0,0.00,0.00,0.00,0,0,0.00,0.00,0,0
1652997592.031954,s3-eth1,249.50,249.50,499.00,250,250,2.00,2.00,3.99,2,2,0.00,0.00,0,0
1652997592.032020,total,5251.50,4682.63,9934.13,4692,5262,41.92,36.93,78.84,37,42,0.00,0.00,0,0
1652997593.032990,s2-eth1,179.82,0.00,179.82,0,180,1.00,0.00,1.00,0,1,0.00,0.00,0,0
1652997593.033333,s3-eth2,359.64,0.00,359.64,0,360,2.00,0.00,2.00,0,2,0.00,0.00,0,0
1652997593.033467,s2-eth2,179.82,0.00,179.82,0,180,1.00,0.00,1.00,0,1,0.00,0.00,0,0
1652997593.033675,s1-eth1,359.28,0.00,359.28,0,360,2.00,0.00,2.00,0,2,0.00,0.00,0,0
1652997593.033768,lo,1113.77,1113.77,2227.54,1116,1116,5.99,5.99,11.98,6,6,0.00,0.00,0,0
1652997593.033899,s1-eth2,0.00,179.64,179.64,180,0,0.00,1.00,1.00,1,0,0.00,0.00,0,0
1652997593.033981,eth0,0.00,0.00,0.00,0,0,0.00,0.00,0.00,0,0,0.00,0.00,0,0
1652997593.034051,s3-eth1,0.00,179.64,179.64,180,0,0.00,1.00,1.00,1,0,0.00,0.00,0,0
1652997593.034117,total,2191.62,1473.05,3664.67,1476,2196,11.98,7.98,19.96,8,12,0.00,0.00,0,0
1652997594.035393,s2-eth1,0.00,0.00,0.00,0,0,0.00,0.00,0.00,0,0,0.00,0.00,0,0
1652997594.035704,s3-eth2,0.00,0.00,0.00,0,0,0.00,0.00,0.00,0,0,0.00,0.00,0,0
1652997594.035831,s2-eth2,0.00,0.00,0.00,0,0,0.00,0.00,0.00,0,0,0.00,0.00,0,0
1652997594.036016,s1-eth1,0.00,0.00,0.00,0,0,0.00,0.00,0.00,0,0,0.00,0.00,0,0
1652997594.036087,lo,0.00,0.00,0.00,0,0,0.00,0.00,0.00,0,0,0.00,0.00,0,0
1652997594.036156,s1-eth2,0.00,0.00,0.00,0,0,0.00,0.00,0.00,0,0,0.00,0.00,0,0
1652997594.036225,eth0,0.00,0.00,0.00,0,0,0.00,0.00,0.00,0,0,0.00,0.00,0,0
1652997594.036294,s3-eth1,0.00,0.00,0.00,0,0,0.00,0.00,0.00,0,0,0.00,0.00,0,0
1652997594.036357,total,0.00,0.00,0.00,0,0,0.00,0.00,0.00,0,0,0.00,0.00,0,0
1652997595.037443,s2-eth1,0.00,0.00,0.00,0,0,0.00,0.00,0.00,0,0,0.00,0.00,0,0
1652997595.038732,s3-eth2,0.00,0.00,0.00,0,0,0.00,0.00,0.00,0,0,0.00,0.00,0,0
1652997595.039158,s2-eth2,0.00,0.00,0.00,0,0,0.00,0.00,0.00,0,0,0.00,0.00,0,0
1652997595.039613,s1-eth1,0.00,0.00,0.00,0,0,0.00,0.00,0.00,0,0,0.00,0.00,0,0
1652997595.039795,lo,0.00,0.00,0.00,0,0,0.00,0.00,0.00,0,0,0.00,0.00,0,0
1652997595.039844,s1-eth2,0.00,0.00,0.00,0,0,0.00,0.00,0.00,0,0,0.00,0.00,0,0
1652997595.040112,eth0,0.00,0.00,0.00,0,0,0.00,0.00,0.00,0,0,0.00,0.00,0,0
1652997595.040159,s3-eth1,0.00,0.00,0.00,0,0,0.00,0.00,0.00,0,0,0.00,0.00,0,0
1652997595.040202,total,0.00,0.00,0.00,0,0,0.00,0.00,0.00,0,0,0.00,0.00,0,0
1652997596.042076,s2-eth1,69.72,0.00,69.72,0,70,1.00,0.00,1.00,0,1,0.00,0.00,0,0
1652997596.042659,s3-eth2,0.00,0.00,0.00,0,0,0.00,0.00,0.00,0,0,0.00,0.00,0,0
1652997596.042788,s2-eth2,0.00,0.00,0.00,0,0,0.00,0.00,0.00,0,0,0.00,0.00,0,0
1652997596.042968,s1-eth1,69.79,0.00,69.79,0,70,1.00,0.00,1.00,0,1,0.00,0.00,0,0
1652997596.043041,lo,336.99,336.99,673.98,338,338,2.99,2.99,5.98,3,3,0.00,0.00,0,0
1652997596.043114,s1-eth2,0.00,69.79,69.79,70,0,0.00,1.00,1.00,1,0,0.00,0.00,0,0
1652997596.043185,eth0,0.00,0.00,0.00,0,0,0.00,0.00,0.00,0,0,0.00,0.00,0,0
1652997596.043255,s3-eth1,0.00,0.00,0.00,0,0,0.00,0.00,0.00,0,0,0.00,0.00,0,0
1652997596.043317,total,476.57,406.78,883.35,408,478,4.99,3.99,8.97,4,5,0.00,0.00,0,0
1652997597.044577,s2-eth1,0.00,0.00,0.00,0,0,0.00,0.00,0.00,0,0,0.00,0.00,0,0
1652997597.044882,s3-eth2,0.00,0.00,0.00,0,0,0.00,0.00,0.00,0,0,0.00,0.00,0,0
1652997597.045007,s2-eth2,0.00,0.00,0.00,0,0,0.00,0.00,0.00,0,0,0.00,0.00,0,0
1652997597.045185,s1-eth1,0.00,0.00,0.00,0,0,0.00,0.00,0.00,0,0,0.00,0.00,0,0
1652997597.045257,lo,171.66,171.66,343.31,172,172,2.99,2.99,5.99,3,3,0.00,0.00,0,0
1652997597.045329,s1-eth2,0.00,0.00,0.00,0,0,0.00,0.00,0.00,0,0,0.00,0.00,0,0
1652997597.045398,eth0,0.00,0.00,0.00,0,0,0.00,0.00,0.00,0,0,0.00,0.00,0,0
1652997597.045467,s3-eth1,0.00,0.00,0.00,0,0,0.00,0.00,0.00,0,0,0.00,0.00,0,0
1652997597.045546,total,171.66,171.66,343.31,172,172,2.99,2.99,5.99,3,3,0.00,0.00,0,0
1652997598.047020,s2-eth1,0.00,0.00,0.00,0,0,0.00,0.00,0.00,0,0,0.00,0.00,0,0
1652997598.047329,s3-eth2,0.00,0.00,0.00,0,0,0.00,0.00,0.00,0,0,0.00,0.00,0,0
1652997598.047453,s2-eth2,0.00,0.00,0.00,0,0,0.00,0.00,0.00,0,0,0.00,0.00,0,0
1652997598.047631,s1-eth1,69.86,0.00,69.86,0,70,1.00,0.00,1.00,0,1,0.00,0.00,0,0
1652997598.047704,lo,171.66,171.66,343.31,172,172,2.99,2.99,5.99,3,3,0.00,0.00,0,0
1652997598.047801,s1-eth2,0.00,0.00,0.00,0,0,0.00,0.00,0.00,0,0,0.00,0.00,0,0
1652997598.047848,eth0,0.00,0.00,0.00,0,0,0.00,0.00,0.00,0,0,0.00,0.00,0,0
1652997598.047893,s3-eth1,0.00,0.00,0.00,0,0,0.00,0.00,0.00,0,0,0.00,0.00,0,0
1652997598.047934,total,241.52,171.66,413.17,172,242,3.99,2.99,6.99,3,4,0.00,0.00,0,0
