1652931917.301524,s1-eth1,0.00,0.00,0.00,0,0,0.00,0.00,0.00,0,0,0.00,0.00,0,0
1652931917.301572,lo,0.00,0.00,0.00,0,0,0.00,0.00,0.00,0,0,0.00,0.00,0,0
1652931917.301584,s1-eth2,0.00,0.00,0.00,0,0,0.00,0.00,0.00,0,0,0.00,0.00,0,0
1652931917.301593,eth0,0.00,0.00,0.00,0,0,0.00,0.00,0.00,0,0,0.00,0.00,0,0
1652931917.301600,total,0.00,0.00,0.00,0,0,0.00,0.00,0.00,0,0,0.00,0.00,0,0
1652931918.302337,s1-eth1,1223365.00,27352.00,1250717.00,27352,1223365,430.00,414.00,844.00,414,430,0.00,0.00,0,0
1652931918.302386,lo,1432.00,1432.00,2864.00,1432,1432,12.00,12.00,24.00,12,12,0.00,0.00,0,0
1652931918.302401,s1-eth2,28822.00,1222612.00,1251434.00,1222612,28822,424.00,424.00,848.00,424,424,0.00,0.00,0,0
1652931918.302416,eth0,0.00,0.00,0.00,0,0,0.00,0.00,0.00,0,0,0.00,0.00,0,0
1652931918.302425,total,1253619.00,1251396.00,2505015.00,1251396,1253619,866.00,850.00,1716.00,850,866,0.00,0.00,0,0
1652931919.303057,s1-eth1,1226401.00,27216.00,1253617.00,27216,1226401,429.00,412.00,841.00,412,429,0.00,0.00,0,0
1652931919.303103,lo,756.00,756.00,1512.00,756,756,6.00,6.00,12.00,6,6,0.00,0.00,0,0
1652931919.303117,s1-eth2,27663.00,1225504.00,1253167.00,1225504,27663,415.00,424.00,839.00,424,415,0.00,0.00,0,0
1652931919.303132,eth0,0.00,0.00,0.00,0,0,0.00,0.00,0.00,0,0,0.00,0.00,0,0
1652931919.303142,total,1254820.00,1253476.00,2508296.00,1253476,1254820,850.00,842.00,1692.00,842,850,0.00,0.00,0,0
1652931920.303966,s1-eth1,1222587.00,27192.00,1249779.00,27192,1222587,422.00,412.00,834.00,412,422,0.00,0.00,0,0
1652931920.304257,lo,0.00,0.00,0.00,0,0,0.00,0.00,0.00,0,0,0.00,0.00,0,0
1652931920.304292,s1-eth2,27098.90,1221164.88,1248263.75,1222386,27126,410.59,420.58,831.17,421,411,0.00,0.00,0,0
1652931920.304318,eth0,0.00,0.00,0.00,0,0,0.00,0.00,0.00,0,0,0.00,0.00,0,0
1652931920.304948,total,1248464.62,1248329.75,2496794.25,1249578,1249713,832.17,832.17,1664.34,833,833,0.00,0.00,0,0
1652931921.305830,s1-eth1,1212533.50,26637.36,1239170.88,26664,1213746,419.58,403.60,823.18,404,420,0.00,0.00,0,0
1652931921.305866,lo,0.00,0.00,0.00,0,0,0.00,0.00,0.00,0,0,0.00,0.00,0,0
1652931921.305875,s1-eth2,26817.18,1215312.75,1242129.88,1216528,26844,404.60,419.58,824.18,420,405,0.00,0.00,0,0
1652931921.305994,eth0,0.00,0.00,0.00,0,0,0.00,0.00,0.00,0,0,0.00,0.00,0,0
1652931921.306002,total,1239350.62,1241950.12,2481300.75,1243192,1240590,824.18,823.18,1647.35,824,825,0.00,0.00,0,0
1652931922.306220,s1-eth1,1221279.00,27130.00,1248409.00,27130,1221279,424.00,411.00,835.00,411,424,0.00,0.00,0,0
1652931922.306251,lo,676.00,676.00,1352.00,676,676,6.00,6.00,12.00,6,6,0.00,0.00,0,0
1652931922.306261,s1-eth2,27401.00,1221008.00,1248409.00,1221008,27401,413.00,422.00,835.00,422,413,0.00,0.00,0,0
1652931922.306272,eth0,0.00,0.00,0.00,0,0,0.00,0.00,0.00,0,0,0.00,0.00,0,0
1652931922.306279,total,1249356.00,1248814.00,2498170.00,1248814,1249356,843.00,839.00,1682.00,839,843,0.00,0.00,0,0
1652931923.306851,s1-eth1,1223900.00,26796.00,1250696.00,26796,1223900,422.00,406.00,828.00,406,422,0.00,0.00,0,0
1652931923.306908,lo,0.00,0.00,0.00,0,0,0.00,0.00,0.00,0,0,0.00,0.00,0,0
1652931923.306926,s1-eth2,26862.00,1223900.00,1250762.00,1223900,26862,407.00,422.00,829.00,422,407,0.00,0.00,0,0
1652931923.306949,eth0,0.00,0.00,0.00,0,0,0.00,0.00,0.00,0,0,0.00,0.00,0,0
1652931923.306964,total,1250762.00,1250696.00,2501458.00,1250696,1250762,829.00,828.00,1657.00,828,829,0.00,0.00,0,0
1652931924.307617,s1-eth1,1225480.00,26994.00,1252474.00,26994,1225480,424.00,409.00,833.00,409,424,0.00,0.00,0,0
1652931924.307648,lo,0.00,0.00,0.00,0,0,0.00,0.00,0.00,0,0,0.00,0.00,0,0
1652931924.307657,s1-eth2,26994.00,1225480.00,1252474.00,1225480,26994,409.00,424.00,833.00,424,409,0.00,0.00,0,0
1652931924.307668,eth0,0.00,0.00,0.00,0,0,0.00,0.00,0.00,0,0,0.00,0.00,0,0
1652931924.307676,total,1252474.00,1252474.00,2504948.00,1252474,1252474,833.00,833.00,1666.00,833,833,0.00,0.00,0,0
1652931925.308295,s1-eth1,1224080.00,26862.00,1250942.00,26862,1224080,423.00,407.00,830.00,407,423,0.00,0.00,0,0
1652931925.308334,lo,0.00,0.00,0.00,0,0,0.00,0.00,0.00,0,0,0.00,0.00,0,0
1652931925.308344,s1-eth2,27042.00,1223900.00,1250942.00,1223900,27042,408.00,422.00,830.00,422,408,0.00,0.00,0,0
1652931925.308384,eth0,0.00,0.00,0.00,0,0,0.00,0.00,0.00,0,0,0.00,0.00,0,0
1652931925.308393,total,1251122.00,1250762.00,2501884.00,1250762,1251122,831.00,829.00,1660.00,829,831,0.00,0.00,0,0
1652931926.308903,s1-eth1,1227200.00,25740.00,1252940.00,25740,1227200,472.00,390.00,862.00,390,472,0.00,0.00,0,0
1652931926.308939,lo,0.00,0.00,0.00,0,0,0.00,0.00,0.00,0,0,0.00,0.00,0,0
1652931926.308951,s1-eth2,25740.00,1225752.00,1251492.00,1225752,25740,390.00,472.00,862.00,472,390,0.00,0.00,0,0
1652931926.308966,eth0,0.00,0.00,0.00,0,0,0.00,0.00,0.00,0,0,0.00,0.00,0,0
1652931926.308976,total,1252940.00,1251492.00,2504432.00,1251492,1252940,862.00,862.00,1724.00,862,862,0.00,0.00,0,0
1652931927.309436,s1-eth1,1222452.00,26664.00,1249116.00,26664,1222452,422.00,404.00,826.00,404,422,0.00,0.00,0,0
1652931927.309472,lo,172.00,172.00,344.00,172,172,3.00,3.00,6.00,3,3,0.00,0.00,0,0
1652931927.309499,s1-eth2,26598.00,1223900.00,1250498.00,1223900,26598,403.00,422.00,825.00,422,403,0.00,0.00,0,0
1652931927.309515,eth0,0.00,0.00,0.00,0,0,0.00,0.00,0.00,0,0,0.00,0.00,0,0
1652931927.309525,total,1249222.00,1250736.00,2499958.00,1250736,1249222,828.00,829.00,1657.00,829,828,0.00,0.00,0,0
1652931928.309898,s1-eth1,1223900.00,26664.00,1250564.00,26664,1223900,422.00,404.00,826.00,404,422,0.00,0.00,0,0
1652931928.309925,lo,0.00,0.00,0.00,0,0,0.00,0.00,0.00,0,0,0.00,0.00,0,0
1652931928.309932,s1-eth2,26664.00,1223900.00,1250564.00,1223900,26664,404.00,422.00,826.00,422,404,0.00,0.00,0,0
1652931928.309940,eth0,0.00,0.00,0.00,0,0,0.00,0.00,0.00,0,0,0.00,0.00,0,0
1652931928.309945,total,1250564.00,1250564.00,2501128.00,1250564,1250564,826.00,826.00,1652.00,826,826,0.00,0.00,0,0
1652931929.310200,s1-eth1,1223900.00,26664.00,1250564.00,26664,1223900,422.00,404.00,826.00,404,422,0.00,0.00,0,0
1652931929.310231,lo,0.00,0.00,0.00,0,0,0.00,0.00,0.00,0,0,0.00,0.00,0,0
1652931929.310240,s1-eth2,26664.00,1225414.00,1252078.00,1225414,26664,404.00,423.00,827.00,423,404,0.00,0.00,0,0
1652931929.310251,eth0,0.00,0.00,0.00,0,0,0.00,0.00,0.00,0,0,0.00,0.00,0,0
1652931929.310258,total,1250564.00,1252078.00,2502642.00,1252078,1250564,826.00,827.00,1653.00,827,826,0.00,0.00,0,0
1652931930.310989,s1-eth1,1225554.00,26668.00,1252222.00,26668,1225554,425.00,404.00,829.00,404,425,0.00,0.00,0,0
1652931930.311028,lo,676.00,676.00,1352.00,676,676,6.00,6.00,12.00,6,6,0.00,0.00,0,0
1652931930.311043,s1-eth2,26734.00,1223970.00,1250704.00,1223970,26734,405.00,423.00,828.00,423,405,0.00,0.00,0,0
1652931930.311071,eth0,0.00,0.00,0.00,0,0,0.00,0.00,0.00,0,0,0.00,0.00,0,0
1652931930.311117,total,1252964.00,1251314.00,2504278.00,1251314,1252964,836.00,833.00,1669.00,833,836,0.00,0.00,0,0
1652931931.311500,s1-eth1,1223900.00,26664.00,1250564.00,26664,1223900,422.00,404.00,826.00,404,422,0.00,0.00,0,0
1652931931.311565,lo,0.00,0.00,0.00,0,0,0.00,0.00,0.00,0,0,0.00,0.00,0,0
1652931931.311593,s1-eth2,26734.00,1223900.00,1250634.00,1223900,26734,405.00,422.00,827.00,422,405,0.00,0.00,0,0
1652931931.311606,eth0,0.00,0.00,0.00,0,0,0.00,0.00,0.00,0,0,0.00,0.00,0,0
1652931931.311614,total,1250634.00,1250564.00,2501198.00,1250564,1250634,827.00,826.00,1653.00,826,827,0.00,0.00,0,0
1652931932.311907,s1-eth1,1225752.00,25476.00,1251228.00,25476,1225752,472.00,386.00,858.00,386,472,0.00,0.00,0,0
1652931932.311937,lo,0.00,0.00,0.00,0,0,0.00,0.00,0.00,0,0,0.00,0.00,0,0
1652931932.311946,s1-eth2,25476.00,1225752.00,1251228.00,1225752,25476,386.00,472.00,858.00,472,386,0.00,0.00,0,0
1652931932.311957,eth0,0.00,0.00,0.00,0,0,0.00,0.00,0.00,0,0,0.00,0.00,0,0
1652931932.311965,total,1251228.00,1251228.00,2502456.00,1251228,1251228,858.00,858.00,1716.00,858,858,0.00,0.00,0,0
1652931933.312361,s1-eth1,1224080.00,26664.00,1250744.00,26664,1224080,423.00,404.00,827.00,404,423,0.00,0.00,0,0
1652931933.312391,lo,0.00,0.00,0.00,0,0,0.00,0.00,0.00,0,0,0.00,0.00,0,0
1652931933.312399,s1-eth2,26778.00,1223900.00,1250678.00,1223900,26778,404.00,422.00,826.00,422,404,0.00,0.00,0,0
1652931933.312408,eth0,0.00,0.00,0.00,0,0,0.00,0.00,0.00,0,0,0.00,0.00,0,0
1652931933.312433,total,1250858.00,1250564.00,2501422.00,1250564,1250858,827.00,826.00,1653.00,826,827,0.00,0.00,0,0
1652931934.312972,s1-eth1,1223900.00,26598.00,1250498.00,26598,1223900,422.00,403.00,825.00,403,422,0.00,0.00,0,0
1652931934.313007,lo,0.00,0.00,0.00,0,0,0.00,0.00,0.00,0,0,0.00,0.00,0,0
1652931934.313019,s1-eth2,26664.00,1223900.00,1250564.00,1223900,26664,404.00,422.00,826.00,422,404,0.00,0.00,0,0
1652931934.313034,eth0,0.00,0.00,0.00,0,0,0.00,0.00,0.00,0,0,0.00,0.00,0,0
1652931934.313044,total,1250564.00,1250498.00,2501062.00,1250498,1250564,826.00,825.00,1651.00,825,826,0.00,0.00,0,0
1652931935.313378,s1-eth1,1222452.00,26664.00,1249116.00,26664,1222452,422.00,404.00,826.00,404,422,0.00,0.00,0,0
1652931935.313414,lo,172.00,172.00,344.00,172,172,3.00,3.00,6.00,3,3,0.00,0.00,0,0
1652931935.313427,s1-eth2,26598.00,1222452.00,1249050.00,1222452,26598,403.00,422.00,825.00,422,403,0.00,0.00,0,0
1652931935.313442,eth0,0.00,0.00,0.00,0,0,0.00,0.00,0.00,0,0,0.00,0.00,0,0
1652931935.313453,total,1249222.00,1249288.00,2498510.00,1249288,1249222,828.00,829.00,1657.00,829,828,0.00,0.00,0,0
1652931936.313944,s1-eth1,1223900.00,26664.00,1250564.00,26664,1223900,422.00,404.00,826.00,404,422,0.00,0.00,0,0
1652931936.313983,lo,0.00,0.00,0.00,0,0,0.00,0.00,0.00,0,0,0.00,0.00,0,0
1652931936.313996,s1-eth2,26664.00,1223900.00,1250564.00,1223900,26664,404.00,422.00,826.00,422,404,0.00,0.00,0,0
1652931936.314010,eth0,0.00,0.00,0.00,0,0,0.00,0.00,0.00,0,0,0.00,0.00,0,0
1652931936.314021,total,1250564.00,1250564.00,2501128.00,1250564,1250564,826.00,826.00,1652.00,826,826,0.00,0.00,0,0
1652931937.314477,s1-eth1,1223900.00,26664.00,1250564.00,26664,1223900,422.00,404.00,826.00,404,422,0.00,0.00,0,0
1652931937.314513,lo,0.00,0.00,0.00,0,0,0.00,0.00,0.00,0,0,0.00,0.00,0,0
1652931937.314539,s1-eth2,26664.00,1223900.00,1250564.00,1223900,26664,404.00,422.00,826.00,422,404,0.00,0.00,0,0
1652931937.314555,eth0,0.00,0.00,0.00,0,0,0.00,0.00,0.00,0,0,0.00,0.00,0,0
1652931937.314565,total,1250564.00,1250564.00,2501128.00,1250564,1250564,826.00,826.00,1652.00,826,826,0.00,0.00,0,0
1652931938.315137,s1-eth1,1225414.00,26598.00,1252012.00,26598,1225414,423.00,403.00,826.00,403,423,0.00,0.00,0,0
1652931938.315172,lo,0.00,0.00,0.00,0,0,0.00,0.00,0.00,0,0,0.00,0.00,0,0
1652931938.315184,s1-eth2,26664.00,1225414.00,1252078.00,1225414,26664,404.00,423.00,827.00,423,404,0.00,0.00,0,0
1652931938.315199,eth0,0.00,0.00,0.00,0,0,0.00,0.00,0.00,0,0,0.00,0.00,0,0
1652931938.315209,total,1252078.00,1252012.00,2504090.00,1252012,1252078,827.00,826.00,1653.00,826,827,0.00,0.00,0,0
1652931939.315604,s1-eth1,1223900.00,26664.00,1250564.00,26664,1223900,422.00,404.00,826.00,404,422,0.00,0.00,0,0
1652931939.315639,lo,0.00,0.00,0.00,0,0,0.00,0.00,0.00,0,0,0.00,0.00,0,0
1652931939.315651,s1-eth2,26664.00,1223900.00,1250564.00,1223900,26664,404.00,422.00,826.00,422,404,0.00,0.00,0,0
1652931939.315666,eth0,0.00,0.00,0.00,0,0,0.00,0.00,0.00,0,0,0.00,0.00,0,0
1652931939.315676,total,1250564.00,1250564.00,2501128.00,1250564,1250564,826.00,826.00,1652.00,826,826,0.00,0.00,0,0
1652931940.316039,s1-eth1,1223900.00,26664.00,1250564.00,26664,1223900,422.00,404.00,826.00,404,422,0.00,0.00,0,0
1652931940.316075,lo,172.00,172.00,344.00,172,172,3.00,3.00,6.00,3,3,0.00,0.00,0,0
1652931940.316088,s1-eth2,26664.00,1223900.00,1250564.00,1223900,26664,404.00,422.00,826.00,422,404,0.00,0.00,0,0
1652931940.316103,eth0,0.00,0.00,0.00,0,0,0.00,0.00,0.00,0,0,0.00,0.00,0,0
1652931940.316125,total,1250736.00,1250736.00,2501472.00,1250736,1250736,829.00,829.00,1658.00,829,829,0.00,0.00,0,0
1652931941.316458,s1-eth1,1222452.00,26664.00,1249116.00,26664,1222452,422.00,404.00,826.00,404,422,0.00,0.00,0,0
1652931941.316502,lo,0.00,0.00,0.00,0,0,0.00,0.00,0.00,0,0,0.00,0.00,0,0
1652931941.316515,s1-eth2,26598.00,1222452.00,1249050.00,1222452,26598,403.00,422.00,825.00,422,403,0.00,0.00,0,0
1652931941.316529,eth0,0.00,0.00,0.00,0,0,0.00,0.00,0.00,0,0,0.00,0.00,0,0
1652931941.316540,total,1249050.00,1249116.00,2498166.00,1249116,1249050,825.00,826.00,1651.00,826,825,0.00,0.00,0,0
1652931942.316892,s1-eth1,1223900.00,26664.00,1250564.00,26664,1223900,422.00,404.00,826.00,404,422,0.00,0.00,0,0
1652931942.316937,lo,0.00,0.00,0.00,0,0,0.00,0.00,0.00,0,0,0.00,0.00,0,0
1652931942.316949,s1-eth2,26664.00,1223900.00,1250564.00,1223900,26664,404.00,422.00,826.00,422,404,0.00,0.00,0,0
1652931942.316964,eth0,0.00,0.00,0.00,0,0,0.00,0.00,0.00,0,0,0.00,0.00,0,0
1652931942.316974,total,1250564.00,1250564.00,2501128.00,1250564,1250564,826.00,826.00,1652.00,826,826,0.00,0.00,0,0
1652931943.317339,s1-eth1,1225550.00,26004.00,1251554.00,26004,1225550,447.00,394.00,841.00,394,447,0.00,0.00,0,0
1652931943.317377,lo,0.00,0.00,0.00,0,0,0.00,0.00,0.00,0,0,0.00,0.00,0,0
1652931943.317390,s1-eth2,26070.00,1227064.00,1253134.00,1227064,26070,395.00,448.00,843.00,448,395,0.00,0.00,0,0
1652931943.317404,eth0,0.00,0.00,0.00,0,0,0.00,0.00,0.00,0,0,0.00,0.00,0,0
1652931943.317415,total,1251620.00,1253068.00,2504688.00,1253068,1251620,842.00,842.00,1684.00,842,842,0.00,0.00,0,0
1652931944.317851,s1-eth1,1227134.00,26070.00,1253204.00,26070,1227134,449.00,395.00,844.00,395,449,0.00,0.00,0,0
1652931944.317887,lo,0.00,0.00,0.00,0,0,0.00,0.00,0.00,0,0,0.00,0.00,0,0
1652931944.317900,s1-eth2,26070.00,1225550.00,1251620.00,1225550,26070,395.00,447.00,842.00,447,395,0.00,0.00,0,0
1652931944.317915,eth0,0.00,0.00,0.00,0,0,0.00,0.00,0.00,0,0,0.00,0.00,0,0
1652931944.317925,total,1253204.00,1251620.00,2504824.00,1251620,1253204,844.00,842.00,1686.00,842,844,0.00,0.00,0,0
1652931945.318248,s1-eth1,1223970.00,26734.00,1250704.00,26734,1223970,423.00,405.00,828.00,405,423,0.00,0.00,0,0
1652931945.318285,lo,848.00,848.00,1696.00,848,848,9.00,9.00,18.00,9,9,0.00,0.00,0,0
1652931945.318299,s1-eth2,26734.00,1222522.00,1249256.00,1222522,26734,405.00,423.00,828.00,423,405,0.00,0.00,0,0
1652931945.318314,eth0,0.00,0.00,0.00,0,0,0.00,0.00,0.00,0,0,0.00,0.00,0,0
1652931945.318324,total,1251552.00,1250104.00,2501656.00,1250104,1251552,837.00,837.00,1674.00,837,837,0.00,0.00,0,0
1652931946.318652,s1-eth1,1223900.00,26664.00,1250564.00,26664,1223900,422.00,404.00,826.00,404,422,0.00,0.00,0,0
1652931946.318687,lo,0.00,0.00,0.00,0,0,0.00,0.00,0.00,0,0,0.00,0.00,0,0
1652931946.318700,s1-eth2,26664.00,1223900.00,1250564.00,1223900,26664,404.00,422.00,826.00,422,404,0.00,0.00,0,0
1652931946.318734,eth0,0.00,0.00,0.00,0,0,0.00,0.00,0.00,0,0,0.00,0.00,0,0
1652931946.318742,total,1250564.00,1250564.00,2501128.00,1250564,1250564,826.00,826.00,1652.00,826,826,0.00,0.00,0,0
1652931947.319205,s1-eth1,1222452.00,26664.00,1249116.00,26664,1222452,422.00,404.00,826.00,404,422,0.00,0.00,0,0
1652931947.319242,lo,0.00,0.00,0.00,0,0,0.00,0.00,0.00,0,0,0.00,0.00,0,0
1652931947.319254,s1-eth2,26598.00,1223900.00,1250498.00,1223900,26598,403.00,422.00,825.00,422,403,0.00,0.00,0,0
1652931947.319269,eth0,0.00,0.00,0.00,0,0,0.00,0.00,0.00,0,0,0.00,0.00,0,0
1652931947.319278,total,1249050.00,1250564.00,2499614.00,1250564,1249050,825.00,826.00,1651.00,826,825,0.00,0.00,0,0
1652931948.319580,s1-eth1,1223900.00,26664.00,1250564.00,26664,1223900,422.00,404.00,826.00,404,422,0.00,0.00,0,0
1652931948.319617,lo,0.00,0.00,0.00,0,0,0.00,0.00,0.00,0,0,0.00,0.00,0,0
1652931948.319629,s1-eth2,26664.00,1223900.00,1250564.00,1223900,26664,404.00,422.00,826.00,422,404,0.00,0.00,0,0
1652931948.319644,eth0,0.00,0.00,0.00,0,0,0.00,0.00,0.00,0,0,0.00,0.00,0,0
1652931948.319654,total,1250564.00,1250564.00,2501128.00,1250564,1250564,826.00,826.00,1652.00,826,826,0.00,0.00,0,0
1652931949.319987,s1-eth1,1228960.00,25542.00,1254502.00,25542,1228960,475.00,387.00,862.00,387,475,0.00,0.00,0,0
1652931949.320016,lo,0.00,0.00,0.00,0,0,0.00,0.00,0.00,0,0,0.00,0.00,0,0
1652931949.320026,s1-eth2,25858.00,1228780.00,1254638.00,1228780,25858,390.00,474.00,864.00,474,390,0.00,0.00,0,0
1652931949.320037,eth0,0.00,0.00,0.00,0,0,0.00,0.00,0.00,0,0,0.00,0.00,0,0
1652931949.320044,total,1254818.00,1254322.00,2509140.00,1254322,1254818,865.00,861.00,1726.00,861,865,0.00,0.00,0,0
1652931950.320499,s1-eth1,1223900.00,26664.00,1250564.00,26664,1223900,422.00,404.00,826.00,404,422,0.00,0.00,0,0
1652931950.320535,lo,172.00,172.00,344.00,172,172,3.00,3.00,6.00,3,3,0.00,0.00,0,0
1652931950.320569,s1-eth2,26664.00,1223900.00,1250564.00,1223900,26664,404.00,422.00,826.00,422,404,0.00,0.00,0,0
1652931950.320584,eth0,0.00,0.00,0.00,0,0,0.00,0.00,0.00,0,0,0.00,0.00,0,0
1652931950.320594,total,1250736.00,1250736.00,2501472.00,1250736,1250736,829.00,829.00,1658.00,829,829,0.00,0.00,0,0
1652931951.320953,s1-eth1,1223900.00,26664.00,1250564.00,26664,1223900,422.00,404.00,826.00,404,422,0.00,0.00,0,0
1652931951.320996,lo,0.00,0.00,0.00,0,0,0.00,0.00,0.00,0,0,0.00,0.00,0,0
1652931951.321009,s1-eth2,26664.00,1223900.00,1250564.00,1223900,26664,404.00,422.00,826.00,422,404,0.00,0.00,0,0
1652931951.321025,eth0,0.00,0.00,0.00,0,0,0.00,0.00,0.00,0,0,0.00,0.00,0,0
1652931951.321035,total,1250564.00,1250564.00,2501128.00,1250564,1250564,826.00,826.00,1652.00,826,826,0.00,0.00,0,0
1652931952.321555,s1-eth1,1222452.00,26664.00,1249116.00,26664,1222452,422.00,404.00,826.00,404,422,0.00,0.00,0,0
1652931952.321600,lo,0.00,0.00,0.00,0,0,0.00,0.00,0.00,0,0,0.00,0.00,0,0
1652931952.321613,s1-eth2,26598.00,1222452.00,1249050.00,1222452,26598,403.00,422.00,825.00,422,403,0.00,0.00,0,0
1652931952.321629,eth0,0.00,0.00,0.00,0,0,0.00,0.00,0.00,0,0,0.00,0.00,0,0
1652931952.321639,total,1249050.00,1249116.00,2498166.00,1249116,1249050,825.00,826.00,1651.00,826,825,0.00,0.00,0,0
1652931953.321939,s1-eth1,1223900.00,26664.00,1250564.00,26664,1223900,422.00,404.00,826.00,404,422,0.00,0.00,0,0
1652931953.321964,lo,0.00,0.00,0.00,0,0,0.00,0.00,0.00,0,0,0.00,0.00,0,0
1652931953.321970,s1-eth2,26664.00,1223900.00,1250564.00,1223900,26664,404.00,422.00,826.00,422,404,0.00,0.00,0,0
1652931953.321990,eth0,0.00,0.00,0.00,0,0,0.00,0.00,0.00,0,0,0.00,0.00,0,0
1652931953.321997,total,1250564.00,1250564.00,2501128.00,1250564,1250564,826.00,826.00,1652.00,826,826,0.00,0.00,0,0
1652931954.322253,s1-eth1,1223900.00,26664.00,1250564.00,26664,1223900,422.00,404.00,826.00,404,422,0.00,0.00,0,0
1652931954.322281,lo,0.00,0.00,0.00,0,0,0.00,0.00,0.00,0,0,0.00,0.00,0,0
1652931954.322291,s1-eth2,26664.00,1223900.00,1250564.00,1223900,26664,404.00,422.00,826.00,422,404,0.00,0.00,0,0
1652931954.322303,eth0,0.00,0.00,0.00,0,0,0.00,0.00,0.00,0,0,0.00,0.00,0,0
1652931954.322311,total,1250564.00,1250564.00,2501128.00,1250564,1250564,826.00,826.00,1652.00,826,826,0.00,0.00,0,0
1652931955.322645,s1-eth1,1225414.00,26598.00,1252012.00,26598,1225414,423.00,403.00,826.00,403,423,0.00,0.00,0,0
1652931955.322675,lo,172.00,172.00,344.00,172,172,3.00,3.00,6.00,3,3,0.00,0.00,0,0
1652931955.322685,s1-eth2,26664.00,1225414.00,1252078.00,1225414,26664,404.00,423.00,827.00,423,404,0.00,0.00,0,0
1652931955.322695,eth0,0.00,0.00,0.00,0,0,0.00,0.00,0.00,0,0,0.00,0.00,0,0
1652931955.322702,total,1252250.00,1252184.00,2504434.00,1252184,1252250,830.00,829.00,1659.00,829,830,0.00,0.00,0,0
1652931956.323183,s1-eth1,1223900.00,26664.00,1250564.00,26664,1223900,422.00,404.00,826.00,404,422,0.00,0.00,0,0
1652931956.323224,lo,0.00,0.00,0.00,0,0,0.00,0.00,0.00,0,0,0.00,0.00,0,0
1652931956.323239,s1-eth2,26664.00,1223900.00,1250564.00,1223900,26664,404.00,422.00,826.00,422,404,0.00,0.00,0,0
1652931956.323255,eth0,0.00,0.00,0.00,0,0,0.00,0.00,0.00,0,0,0.00,0.00,0,0
1652931956.323267,total,1250564.00,1250564.00,2501128.00,1250564,1250564,826.00,826.00,1652.00,826,826,0.00,0.00,0,0
1652931957.323755,s1-eth1,1223900.00,26664.00,1250564.00,26664,1223900,422.00,404.00,826.00,404,422,0.00,0.00,0,0
1652931957.323793,lo,0.00,0.00,0.00,0,0,0.00,0.00,0.00,0,0,0.00,0.00,0,0
1652931957.323806,s1-eth2,26664.00,1223900.00,1250564.00,1223900,26664,404.00,422.00,826.00,422,404,0.00,0.00,0,0
1652931957.323821,eth0,0.00,0.00,0.00,0,0,0.00,0.00,0.00,0,0,0.00,0.00,0,0
1652931957.323832,total,1250564.00,1250564.00,2501128.00,1250564,1250564,826.00,826.00,1652.00,826,826,0.00,0.00,0,0
1652931958.324513,s1-eth1,1222452.00,26664.00,1249116.00,26664,1222452,422.00,404.00,826.00,404,422,0.00,0.00,0,0
1652931958.324554,lo,0.00,0.00,0.00,0,0,0.00,0.00,0.00,0,0,0.00,0.00,0,0
1652931958.324567,s1-eth2,26598.00,1222452.00,1249050.00,1222452,26598,403.00,422.00,825.00,422,403,0.00,0.00,0,0
1652931958.324608,eth0,0.00,0.00,0.00,0,0,0.00,0.00,0.00,0,0,0.00,0.00,0,0
1652931958.324620,total,1249050.00,1249116.00,2498166.00,1249116,1249050,825.00,826.00,1651.00,826,825,0.00,0.00,0,0
1652931959.325475,s1-eth1,1223900.00,26664.00,1250564.00,26664,1223900,422.00,404.00,826.00,404,422,0.00,0.00,0,0
1652931959.325523,lo,0.00,0.00,0.00,0,0,0.00,0.00,0.00,0,0,0.00,0.00,0,0
1652931959.325656,s1-eth2,26637.36,1222677.38,1249314.75,1223900,26664,403.60,421.58,825.17,422,404,0.00,0.00,0,0
1652931959.325676,eth0,0.00,0.00,0.00,0,0,0.00,0.00,0.00,0,0,0.00,0.00,0,0
1652931959.325689,total,1249314.75,1249314.75,2498629.50,1250564,1250564,825.17,825.17,1650.35,826,826,0.00,0.00,0,0
1652931960.326352,s1-eth1,1226862.00,26664.00,1253526.00,26664,1226862,423.00,404.00,827.00,404,423,0.00,0.00,0,0
1652931960.326393,lo,172.00,172.00,344.00,172,172,3.00,3.00,6.00,3,3,0.00,0.00,0,0
1652931960.326407,s1-eth2,26730.00,1225414.00,1252144.00,1225414,26730,405.00,423.00,828.00,423,405,0.00,0.00,0,0
1652931960.326422,eth0,0.00,0.00,0.00,0,0,0.00,0.00,0.00,0,0,0.00,0.00,0,0
1652931960.326432,total,1253764.00,1252250.00,2506014.00,1252250,1253764,831.00,830.00,1661.00,830,831,0.00,0.00,0,0
1652931961.326889,s1-eth1,1225752.00,25608.00,1251360.00,25608,1225752,472.00,388.00,860.00,388,472,0.00,0.00,0,0
1652931961.326933,lo,0.00,0.00,0.00,0,0,0.00,0.00,0.00,0,0,0.00,0.00,0,0
1652931961.326945,s1-eth2,25542.00,1227200.00,1252742.00,1227200,25542,387.00,472.00,859.00,472,387,0.00,0.00,0,0
1652931961.326960,eth0,0.00,0.00,0.00,0,0,0.00,0.00,0.00,0,0,0.00,0.00,0,0
1652931961.326970,total,1251294.00,1252808.00,2504102.00,1252808,1251294,859.00,860.00,1719.00,860,859,0.00,0.00,0,0
1652931962.327625,s1-eth1,1223900.00,26664.00,1250564.00,26664,1223900,422.00,404.00,826.00,404,422,0.00,0.00,0,0
1652931962.327672,lo,0.00,0.00,0.00,0,0,0.00,0.00,0.00,0,0,0.00,0.00,0,0
1652931962.327685,s1-eth2,26664.00,1223900.00,1250564.00,1223900,26664,404.00,422.00,826.00,422,404,0.00,0.00,0,0
1652931962.327700,eth0,0.00,0.00,0.00,0,0,0.00,0.00,0.00,0,0,0.00,0.00,0,0
1652931962.327710,total,1250564.00,1250564.00,2501128.00,1250564,1250564,826.00,826.00,1652.00,826,826,0.00,0.00,0,0
1652931963.328543,s1-eth1,1225414.00,26664.00,1252078.00,26664,1225414,423.00,404.00,827.00,404,423,0.00,0.00,0,0
1652931963.328579,lo,0.00,0.00,0.00,0,0,0.00,0.00,0.00,0,0,0.00,0.00,0,0
1652931963.328591,s1-eth2,26664.00,1225414.00,1252078.00,1225414,26664,404.00,423.00,827.00,423,404,0.00,0.00,0,0
1652931963.328606,eth0,0.00,0.00,0.00,0,0,0.00,0.00,0.00,0,0,0.00,0.00,0,0
1652931963.328616,total,1252078.00,1252078.00,2504156.00,1252078,1252078,827.00,827.00,1654.00,827,827,0.00,0.00,0,0
1652931964.329027,s1-eth1,1223900.00,26664.00,1250564.00,26664,1223900,422.00,404.00,826.00,404,422,0.00,0.00,0,0
1652931964.329072,lo,0.00,0.00,0.00,0,0,0.00,0.00,0.00,0,0,0.00,0.00,0,0
1652931964.329085,s1-eth2,26664.00,1223900.00,1250564.00,1223900,26664,404.00,422.00,826.00,422,404,0.00,0.00,0,0
1652931964.329100,eth0,0.00,0.00,0.00,0,0,0.00,0.00,0.00,0,0,0.00,0.00,0,0
1652931964.329110,total,1250564.00,1250564.00,2501128.00,1250564,1250564,826.00,826.00,1652.00,826,826,0.00,0.00,0,0
1652931965.329523,s1-eth1,1223900.00,26664.00,1250564.00,26664,1223900,422.00,404.00,826.00,404,422,0.00,0.00,0,0
1652931965.329567,lo,172.00,172.00,344.00,172,172,3.00,3.00,6.00,3,3,0.00,0.00,0,0
1652931965.329581,s1-eth2,26664.00,1223900.00,1250564.00,1223900,26664,404.00,422.00,826.00,422,404,0.00,0.00,0,0
1652931965.329596,eth0,0.00,0.00,0.00,0,0,0.00,0.00,0.00,0,0,0.00,0.00,0,0
1652931965.329606,total,1250736.00,1250736.00,2501472.00,1250736,1250736,829.00,829.00,1658.00,829,829,0.00,0.00,0,0
1652931966.330335,s1-eth1,1225414.00,26508.00,1251922.00,26508,1225414,423.00,402.00,825.00,402,423,0.00,0.00,0,0
1652931966.330376,lo,466.00,466.00,932.00,466,466,5.00,5.00,10.00,5,5,0.00,0.00,0,0
1652931966.330391,s1-eth2,26574.00,1225414.00,1251988.00,1225414,26574,403.00,423.00,826.00,423,403,0.00,0.00,0,0
1652931966.330405,eth0,0.00,0.00,0.00,0,0,0.00,0.00,0.00,0,0,0.00,0.00,0,0
1652931966.330415,total,1252454.00,1252388.00,2504842.00,1252388,1252454,831.00,830.00,1661.00,830,831,0.00,0.00,0,0
1652931967.330883,s1-eth1,1227242.00,25608.00,1252850.00,25608,1227242,473.00,388.00,861.00,388,473,0.00,0.00,0,0
1652931967.330925,lo,0.00,0.00,0.00,0,0,0.00,0.00,0.00,0,0,0.00,0.00,0,0
1652931967.330937,s1-eth2,25608.00,1227242.00,1252850.00,1227242,25608,388.00,473.00,861.00,473,388,0.00,0.00,0,0
1652931967.330952,eth0,0.00,0.00,0.00,0,0,0.00,0.00,0.00,0,0,0.00,0.00,0,0
1652931967.330962,total,1252850.00,1252850.00,2505700.00,1252850,1252850,861.00,861.00,1722.00,861,861,0.00,0.00,0,0
1652931968.331257,s1-eth1,1223900.00,26664.00,1250564.00,26664,1223900,422.00,404.00,826.00,404,422,0.00,0.00,0,0
1652931968.331287,lo,0.00,0.00,0.00,0,0,0.00,0.00,0.00,0,0,0.00,0.00,0,0
1652931968.331296,s1-eth2,26664.00,1223900.00,1250564.00,1223900,26664,404.00,422.00,826.00,422,404,0.00,0.00,0,0
1652931968.331307,eth0,0.00,0.00,0.00,0,0,0.00,0.00,0.00,0,0,0.00,0.00,0,0
1652931968.331315,total,1250564.00,1250564.00,2501128.00,1250564,1250564,826.00,826.00,1652.00,826,826,0.00,0.00,0,0
1652931969.331766,s1-eth1,1222452.00,26664.00,1249116.00,26664,1222452,422.00,404.00,826.00,404,422,0.00,0.00,0,0
1652931969.331815,lo,0.00,0.00,0.00,0,0,0.00,0.00,0.00,0,0,0.00,0.00,0,0
1652931969.331828,s1-eth2,26598.00,1222452.00,1249050.00,1222452,26598,403.00,422.00,825.00,422,403,0.00,0.00,0,0
1652931969.331843,eth0,0.00,0.00,0.00,0,0,0.00,0.00,0.00,0,0,0.00,0.00,0,0
1652931969.331854,total,1249050.00,1249116.00,2498166.00,1249116,1249050,825.00,826.00,1651.00,826,825,0.00,0.00,0,0
1652931970.332243,s1-eth1,1223900.00,26664.00,1250564.00,26664,1223900,422.00,404.00,826.00,404,422,0.00,0.00,0,0
1652931970.332285,lo,0.00,0.00,0.00,0,0,0.00,0.00,0.00,0,0,0.00,0.00,0,0
1652931970.332320,s1-eth2,26664.00,1223900.00,1250564.00,1223900,26664,404.00,422.00,826.00,422,404,0.00,0.00,0,0
1652931970.332338,eth0,0.00,0.00,0.00,0,0,0.00,0.00,0.00,0,0,0.00,0.00,0,0
1652931970.332349,total,1250564.00,1250564.00,2501128.00,1250564,1250564,826.00,826.00,1652.00,826,826,0.00,0.00,0,0
1652931971.332710,s1-eth1,1223900.00,26664.00,1250564.00,26664,1223900,422.00,404.00,826.00,404,422,0.00,0.00,0,0
1652931971.332747,lo,172.00,172.00,344.00,172,172,3.00,3.00,6.00,3,3,0.00,0.00,0,0
1652931971.332780,s1-eth2,26664.00,1223900.00,1250564.00,1223900,26664,404.00,422.00,826.00,422,404,0.00,0.00,0,0
1652931971.332798,eth0,0.00,0.00,0.00,0,0,0.00,0.00,0.00,0,0,0.00,0.00,0,0
1652931971.332809,total,1250736.00,1250736.00,2501472.00,1250736,1250736,829.00,829.00,1658.00,829,829,0.00,0.00,0,0
1652931972.333211,s1-eth1,1225414.00,26532.00,1251946.00,26532,1225414,423.00,402.00,825.00,402,423,0.00,0.00,0,0
1652931972.333248,lo,0.00,0.00,0.00,0,0,0.00,0.00,0.00,0,0,0.00,0.00,0,0
1652931972.333257,s1-eth2,26598.00,1225414.00,1252012.00,1225414,26598,403.00,423.00,826.00,423,403,0.00,0.00,0,0
1652931972.333268,eth0,0.00,0.00,0.00,0,0,0.00,0.00,0.00,0,0,0.00,0.00,0,0
1652931972.333275,total,1252012.00,1251946.00,2503958.00,1251946,1252012,826.00,825.00,1651.00,825,826,0.00,0.00,0,0
1652931973.333680,s1-eth1,1223900.00,26664.00,1250564.00,26664,1223900,422.00,404.00,826.00,404,422,0.00,0.00,0,0
1652931973.333718,lo,0.00,0.00,0.00,0,0,0.00,0.00,0.00,0,0,0.00,0.00,0,0
1652931973.333730,s1-eth2,26664.00,1223900.00,1250564.00,1223900,26664,404.00,422.00,826.00,422,404,0.00,0.00,0,0
1652931973.333745,eth0,0.00,0.00,0.00,0,0,0.00,0.00,0.00,0,0,0.00,0.00,0,0
1652931973.333755,total,1250564.00,1250564.00,2501128.00,1250564,1250564,826.00,826.00,1652.00,826,826,0.00,0.00,0,0
1652931974.334166,s1-eth1,1223900.00,26664.00,1250564.00,26664,1223900,422.00,404.00,826.00,404,422,0.00,0.00,0,0
1652931974.334204,lo,0.00,0.00,0.00,0,0,0.00,0.00,0.00,0,0,0.00,0.00,0,0
1652931974.334217,s1-eth2,26664.00,1222452.00,1249116.00,1222452,26664,404.00,422.00,826.00,422,404,0.00,0.00,0,0
1652931974.334232,eth0,0.00,0.00,0.00,0,0,0.00,0.00,0.00,0,0,0.00,0.00,0,0
1652931974.334242,total,1250564.00,1249116.00,2499680.00,1249116,1250564,826.00,826.00,1652.00,826,826,0.00,0.00,0,0
1652931975.335096,s1-eth1,1222452.00,26664.00,1249116.00,26664,1222452,422.00,404.00,826.00,404,422,0.00,0.00,0,0
1652931975.335179,lo,0.00,0.00,0.00,0,0,0.00,0.00,0.00,0,0,0.00,0.00,0,0
1652931975.335378,s1-eth2,26571.43,1222677.38,1249248.75,1223900,26598,402.60,421.58,824.18,422,403,0.00,0.00,0,0
1652931975.335412,eth0,0.00,0.00,0.00,0,0,0.00,0.00,0.00,0,0,0.00,0.00,0,0
1652931975.335807,total,1247802.25,1249314.75,2497117.00,1250564,1249050,824.18,825.17,1649.35,826,825,0.00,0.00,0,0
1652931976.336471,s1-eth1,1225776.25,26637.36,1252413.62,26664,1227002,424.58,403.60,828.17,404,425,0.00,0.00,0,0
1652931976.336513,lo,337.66,337.66,675.32,338,338,3.00,3.00,5.99,3,3,0.00,0.00,0,0
1652931976.336527,s1-eth2,26703.30,1225706.38,1252409.62,1226932,26730,404.60,423.58,828.17,424,405,0.00,0.00,0,0
1652931976.336542,eth0,0.00,0.00,0.00,0,0,0.00,0.00,0.00,0,0,0.00,0.00,0,0
1652931976.336553,total,1254070.00,1253934.00,2508004.00,1253934,1254070,833.00,831.00,1664.00,831,833,0.00,0.00,0,0
1652931977.337103,s1-eth1,1222452.00,26664.00,1249116.00,26664,1222452,422.00,404.00,826.00,404,422,0.00,0.00,0,0
1652931977.337140,lo,0.00,0.00,0.00,0,0,0.00,0.00,0.00,0,0,0.00,0.00,0,0
1652931977.337152,s1-eth2,26598.00,1222452.00,1249050.00,1222452,26598,403.00,422.00,825.00,422,403,0.00,0.00,0,0
1652931977.337167,eth0,0.00,0.00,0.00,0,0,0.00,0.00,0.00,0,0,0.00,0.00,0,0
1652931977.337177,total,1249050.00,1249116.00,2498166.00,1249116,1249050,825.00,826.00,1651.00,826,825,0.00,0.00,0,0
1652931978.337578,s1-eth1,1227200.00,25678.00,1252878.00,25678,1227200,472.00,389.00,861.00,389,472,0.00,0.00,0,0
1652931978.337614,lo,338.00,338.00,676.00,338,338,3.00,3.00,6.00,3,3,0.00,0.00,0,0
1652931978.337628,s1-eth2,25678.00,1227200.00,1252878.00,1227200,25678,389.00,472.00,861.00,472,389,0.00,0.00,0,0
1652931978.337642,eth0,0.00,0.00,0.00,0,0,0.00,0.00,0.00,0,0,0.00,0.00,0,0
1652931978.337653,total,1253216.00,1253216.00,2506432.00,1253216,1253216,864.00,864.00,1728.00,864,864,0.00,0.00,0,0
1652931979.340277,s1-eth1,638910.19,14029.94,652940.12,14058,640188,221.56,212.57,434.13,213,222,0.00,0.00,0,0
1652931979.340341,lo,0.00,0.00,0.00,0,0,0.00,0.00,0.00,0,0,0.00,0.00,0,0
1652931979.340359,s1-eth2,14095.81,632998.00,647093.81,634264,14124,213.57,219.56,433.13,220,214,0.00,0.00,0,0
1652931979.340382,eth0,0.00,0.00,0.00,0,0,0.00,0.00,0.00,0,0,0.00,0.00,0,0
1652931979.340396,total,653006.00,647027.94,1300034.00,648322,654312,435.13,432.14,867.27,433,436,0.00,0.00,0,0
1652931980.342944,s1-eth1,0.00,0.00,0.00,0,0,0.00,0.00,0.00,0,0,0.00,0.00,0,0
1652931980.343002,lo,0.00,0.00,0.00,0,0,0.00,0.00,0.00,0,0,0.00,0.00,0,0
1652931980.343038,s1-eth2,0.00,0.00,0.00,0,0,0.00,0.00,0.00,0,0,0.00,0.00,0,0
1652931980.343055,eth0,0.00,0.00,0.00,0,0,0.00,0.00,0.00,0,0,0.00,0.00,0,0
1652931980.343070,total,0.00,0.00,0.00,0,0,0.00,0.00,0.00,0,0,0.00,0.00,0,0
1652931981.344739,s1-eth1,179.82,0.00,179.82,0,180,1.00,0.00,1.00,0,1,0.00,0.00,0,0
1652931981.344798,lo,0.00,0.00,0.00,0,0,0.00,0.00,0.00,0,0,0.00,0.00,0,0
1652931981.344817,s1-eth2,179.82,0.00,179.82,0,180,1.00,0.00,1.00,0,1,0.00,0.00,0,0
1652931981.344836,eth0,0.00,0.00,0.00,0,0,0.00,0.00,0.00,0,0,0.00,0.00,0,0
1652931981.344850,total,359.64,0.00,359.64,0,360,2.00,0.00,2.00,0,2,0.00,0.00,0,0
1652931982.347194,s1-eth1,0.00,0.00,0.00,0,0,0.00,0.00,0.00,0,0,0.00,0.00,0,0
1652931982.347220,lo,0.00,0.00,0.00,0,0,0.00,0.00,0.00,0,0,0.00,0.00,0,0
1652931982.347226,s1-eth2,0.00,0.00,0.00,0,0,0.00,0.00,0.00,0,0,0.00,0.00,0,0
1652931982.347231,eth0,0.00,0.00,0.00,0,0,0.00,0.00,0.00,0,0,0.00,0.00,0,0
1652931982.347235,total,0.00,0.00,0.00,0,0,0.00,0.00,0.00,0,0,0.00,0.00,0,0
1652931983.348201,s1-eth1,0.00,0.00,0.00,0,0,0.00,0.00,0.00,0,0,0.00,0.00,0,0
1652931983.348242,lo,171.83,171.83,343.66,172,172,3.00,3.00,5.99,3,3,0.00,0.00,0,0
1652931983.348258,s1-eth2,0.00,0.00,0.00,0,0,0.00,0.00,0.00,0,0,0.00,0.00,0,0
1652931983.348269,eth0,0.00,0.00,0.00,0,0,0.00,0.00,0.00,0,0,0.00,0.00,0,0
1652931983.348279,total,171.83,171.83,343.66,172,172,3.00,3.00,5.99,3,3,0.00,0.00,0,0
1652931984.349280,s1-eth1,0.00,0.00,0.00,0,0,0.00,0.00,0.00,0,0,0.00,0.00,0,0
1652931984.349331,lo,0.00,0.00,0.00,0,0,0.00,0.00,0.00,0,0,0.00,0.00,0,0
1652931984.349374,s1-eth2,0.00,0.00,0.00,0,0,0.00,0.00,0.00,0,0,0.00,0.00,0,0
1652931984.349431,eth0,0.00,0.00,0.00,0,0,0.00,0.00,0.00,0,0,0.00,0.00,0,0
1652931984.349453,total,0.00,0.00,0.00,0,0,0.00,0.00,0.00,0,0,0.00,0.00,0,0
1652931985.350521,s1-eth1,0.00,0.00,0.00,0,0,0.00,0.00,0.00,0,0,0.00,0.00,0,0
1652931985.350580,lo,0.00,0.00,0.00,0,0,0.00,0.00,0.00,0,0,0.00,0.00,0,0
1652931985.350598,s1-eth2,0.00,0.00,0.00,0,0,0.00,0.00,0.00,0,0,0.00,0.00,0,0
1652931985.350615,eth0,0.00,0.00,0.00,0,0,0.00,0.00,0.00,0,0,0.00,0.00,0,0
1652931985.350630,total,0.00,0.00,0.00,0,0,0.00,0.00,0.00,0,0,0.00,0.00,0,0
1652931986.351691,s1-eth1,0.00,0.00,0.00,0,0,0.00,0.00,0.00,0,0,0.00,0.00,0,0
1652931986.351755,lo,0.00,0.00,0.00,0,0,0.00,0.00,0.00,0,0,0.00,0.00,0,0
1652931986.351775,s1-eth2,69.93,0.00,69.93,0,70,1.00,0.00,1.00,0,1,0.00,0.00,0,0
1652931986.351797,eth0,0.00,0.00,0.00,0,0,0.00,0.00,0.00,0,0,0.00,0.00,0,0
1652931986.351814,total,69.93,0.00,69.93,0,70,1.00,0.00,1.00,0,1,0.00,0.00,0,0
